"Динаміка кількості діючих структурних підрозділів банків* України",,,,,,,,,,,,,,,,,,
,,,,,,,,,,,,,,,,,,
,,,,,,,,,,,,,,,,,,
"Код банку","Назва банку","Стан банку за реєстром банків на 01.07.2017","МФО банку","Діючі структурні підрозділи станом на",,,,,,,,,,,,,,
,,,,2008/01/01,2009/01/01,2010/01/01,2011/01/01,2012/01/01,2013/01/01,2014/01/01,2015/01/01,2016/01/01,2016/04/01,2016/07/01,2016/10/01,2017/01/01,2017/04/01,2017/07/01
2,УКРЕКСІМБАНК,Діючий,322313,126,131,122,122,126,125,123,120,102,99,88,87,83,82,82
3,ПРОМІНВЕСТБАНК,Діючий,300012,880,872,601,295,227,97,80,112,103,103,57,57,57,57,57
5,УКРСОЦБАНК,Діючий,300023,490,464,442,444,427,410,432,318,263,262,262,261,263,262,258
6,ОЩАДБАНК,Діючий,300465,6136,6155,6083,5996,5860,5824,5529,4547,4164,4027,3902,3798,3648,3528,3382
29,"БАНК АЛЬЯНС",Діючий,300119,0,0,0,0,0,0,0,1,0,0,0,0,2,4,4
36,"РАЙФФАЙЗЕН БАНК АВАЛЬ",Діючий,300335,1186,1166,1010,967,952,856,828,698,595,594,590,551,510,510,510
42,"ВТБ БАНК",Діючий,321767,176,182,161,162,161,125,128,59,55,55,54,54,32,32,32
43,АЛЬТБАНК,Діючий,320940,27,38,21,27,43,44,42,1,1,1,1,1,1,1,1
46,ПРИВАТБАНК,Діючий,305299,2768,3225,3126,3182,3376,3405,3246,2910,2588,2351,2325,2329,2240,2247,2247
48,"""НОВИЙ""",Діючий,305062,15,17,15,12,11,11,11,8,8,9,9,9,9,8,6
49,ПОЛІКОМБАНК,Діючий,353100,27,28,28,28,25,24,23,25,25,25,25,25,27,28,26
62,ТАСКОМБАНК,Діючий,339500,16,21,38,24,22,23,24,20,57,62,65,66,72,74,76
72,"БАНК ФАМІЛЬНИЙ",Діючий,334840,4,3,3,3,3,3,3,3,3,3,3,3,3,3,3
88,КРЕДOБАНК,Діючий,325912,175,176,160,139,131,131,131,108,108,109,108,109,109,107,105
91,"""ЛЬВІВ""",Діючий,325268,20,24,24,24,24,24,24,24,24,24,24,24,24,24,23
95,"ОКСІ БАНК",Діючий,325990,,0,3,5,7,7,6,6,6,6,6,6,6,6,6
96,АКЦЕНТ-БАНК,Діючий,307770,2,186,54,130,182,233,220,195,187,193,185,190,194,200,201
97,"ВІЕС БАНК",Діючий,325213,50,78,54,52,52,48,38,38,38,38,38,38,38,38,35
101,IНДУСТРІАЛБАНК,Діючий,313849,58,58,55,56,55,52,46,35,35,35,34,33,33,33,33
105,"МАРФІН БАНК ",Діючий,328168,88,87,77,63,96,92,85,73,41,41,40,40,40,42,42
106,"""ПІВДЕННИЙ""",Діючий,328209,130,162,159,157,154,161,161,166,138,120,117,113,113,107,108
113,"ПОЛТАВА - БАНК",Діючий,331489,107,124,124,125,115,108,100,87,83,85,86,86,86,85,85
115,"ПЕРШИЙ УКР.МІЖНАРОДНИЙ БАНК",Діючий,334851,117,142,135,135,169,159,160,125,157,158,158,157,159,160,161
123,"БАНК ГРАНТ",Діючий,351607,24,22,19,21,24,24,23,19,19,19,19,18,18,18,18
126,МЕГАБАНК,Діючий,351629,183,190,192,197,199,188,177,155,170,172,175,182,182,173,166
128,РЕГІОН-БАНК,Діючий,351254,14,16,17,18,18,18,16,16,15,15,15,15,15,14,12
129,"БТА БАНК  ",Діючий,321723,27,30,17,22,22,19,13,4,4,4,4,4,4,4,2
133,"АСВІО БАНК",Діючий,353489,11,11,2,2,2,2,2,1,1,5,13,13,13,13,12
136,УКРСИББАНК,Діючий,351005,1005,980,807,731,702,663,578,492,453,449,429,407,378,371,357
142,"ІДЕЯ БАНК",Діючий,336310,31,46,32,38,53,87,102,79,82,82,82,82,82,82,82
143,КОМІНВЕСТБАНК,Діючий,312248,35,41,46,47,47,47,47,48,37,37,37,38,39,39,43
146,"БАНК УКРАЇНСЬКИЙ КАПІТАЛ",Діючий,320371,0,0,3,6,7,8,8,9,9,9,9,11,13,12,12
153,ПРАВЕКС-БАНК,Діючий,321983,561,602,555,438,380,261,261,236,139,139,99,99,97,62,62
171,"КРЕДІ АГРІКОЛЬ БАНК",Діючий,300614,254,234,223,207,208,209,204,179,168,168,168,164,156,156,157
191,"""АРКАДА""",Діючий,322335,11,11,11,11,11,10,10,8,8,8,8,9,9,9,9
205,МЕТАБАНК,Діючий,313582,43,56,55,52,53,48,46,39,43,44,42,41,45,40,39
206,"МІСТО БАНК",Діючий,328760,16,17,10,10,9,11,12,11,11,11,11,6,6,6,6
231,"ЮНЕКС БАНК",Діючий,322539,2,12,14,12,33,35,36,30,28,26,24,22,22,22,22
240,"КОМЕРЦІЙНИЙ ІНДУСТРІАЛЬНИЙ БАНК",Діючий,322540,0,2,2,2,2,2,2,2,20,22,22,14,24,22,22
241,"АЙБОКС БАНК",Діючий,322302,0,2,3,9,34,37,41,41,43,55,63,60,58,48,50
242,"УНІВЕРСАЛ БАНК",Діючий,325707,90,180,100,78,71,53,52,47,43,43,43,40,40,26,26
243,"""ЗЕМЕЛЬНИЙ КАПІТАЛ""",Діючий,305880,4,25,24,10,8,6,6,6,5,5,5,5,6,5,5
251,"ПІРЕУС БАНК МКБ",Діючий,300658,84,85,53,53,44,37,36,23,17,17,17,16,17,17,17
262,ЕКСПРЕС-БАНК,Діючий,322959,203,211,203,194,185,178,160,115,99,99,92,89,88,89,90
270,"БАНК КРЕДИТ ДНІПРО",Діючий,305749,38,55,50,70,95,90,80,58,52,49,42,42,42,42,42
272,АЛЬФА-БАНК,Діючий,300346,39,78,94,94,93,93,96,111,105,103,102,104,103,107,189
274,"УКРГАЗБАНК ",Діючий,320478,277,368,270,263,245,233,237,175,179,180,181,228,231,232,236
286,РАДАБАНК,Діючий,306500,0,1,0,0,5,5,8,9,12,12,13,13,13,13,13
288,"""КЛІРИНГОВИЙ ДІМ""",Діючий,300647,8,19,18,18,18,17,5,3,3,3,4,4,4,4,4
290,"ПЕРШИЙ ІНВЕСТИЦІЙНИЙ БАНК",Діючий,300506,49,49,36,33,32,35,35,34,32,32,34,33,32,32,32
294,"ПРОМИСЛОВО-ФІНАНСОВИЙ БАНК",Діючий,320906,6,8,8,8,3,3,3,3,3,3,3,3,3,3,3
295,"IHГ БАНК УКРАЇНА",Діючий,300539,0,0,0,0,0,0,0,0,0,0,0,0,0,0,0
296,"ОТП БАНК",Діючий,300528,137,221,206,189,151,148,137,114,83,83,83,83,84,84,83
297,"СІТІБАНК ",Діючий,300584,0,0,0,0,0,0,0,0,0,0,0,0,0,0,0
298,"ПРОКРЕДИТ БАНК",Діючий,320984,63,75,64,40,40,33,33,28,27,27,25,24,23,16,15
299,"СБЕРБАНК РОСІЇ",Діючий,320627,18,43,42,80,130,160,210,165,154,153,151,149,137,132,124
305,"БАНК ВОСТОК",Діючий,307123,42,40,21,21,0,16,25,24,34,34,34,32,33,33,31
311,"""ТРАСТ-КАПІТАЛ""",Діючий,380106,2,2,2,1,1,2,2,2,1,1,1,1,1,1,1
313,"УКРАЇНСЬКИЙ БАНК РЕКОНСТР.ТА РОЗВ.",Діючий,380883,0,0,0,0,0,0,0,0,0,0,0,0,0,0,0
320,"БАНК ІНВЕСТИЦІЙ ТА ЗАОЩАДЖЕНЬ",Діючий,380281,2,6,11,13,18,20,23,20,21,21,21,21,21,21,26
321,"БМ БАНК",Діючий,380913,12,42,45,44,44,35,30,25,17,17,17,17,17,17,17
325,"БАНК ФОРВАРД",Діючий,380418,0,0,0,0,10,48,67,58,20,20,20,20,20,20,20
326,"""КОНКОРД""",Діючий,307350,1,2,0,51,3,2,1,3,10,10,10,10,9,9,9
328,"БАНК БОГУСЛАВ",Діючий,380322,0,3,7,8,8,8,9,9,10,10,10,10,11,12,12
329,"КРЕДИТ ЄВРОПА БАНК ",Діючий,380366,1,14,7,5,6,1,1,1,1,1,1,1,1,1,1
331,"КРЕДИТВЕСТ БАНК",Діючий,380441,2,3,1,1,1,1,1,1,1,1,1,1,1,1,1
334,"КРЕДИТ ОПТИМА БАНК",Діючий,380571,0,0,0,0,0,1,1,1,1,1,1,1,2,19,34
377,УКРБУДІНВЕСТБАНК,Діючий,380377,0,1,1,1,1,1,4,3,1,1,1,11,15,19,23
381,МОТОР-БАНК,Діючий,313009,0,0,1,1,2,2,3,3,3,3,3,3,3,3,3
386,"""ГЛОБУС""",Діючий,380526,0,0,1,7,19,23,23,25,26,26,27,27,27,27,27
387,"АП БАНК",Діючий,380548,0,21,22,23,23,22,0,0,0,0,0,0,0,0,0
389,"МІЖНАРОДНИЙ ІНВЕСТИЦІЙНИЙ БАНК",Діючий,380582,,0,0,3,9,12,12,16,19,20,21,21,22,21,20
392,АКОРДБАНК,Діючий,380634,,0,4,4,5,6,6,5,4,16,47,60,60,58,57
394,"БАНК 3/4",Діючий,380645,,0,0,0,1,2,2,4,5,5,5,5,5,5,5
395,ЄВРОПРОМБАНК,Діючий,377090,,0,0,1,1,2,2,1,1,1,2,2,2,2,2
402,"ВЕРНУМ БАНК",Діючий,380689,,,0,3,6,8,7,12,5,5,5,5,4,6,5
406,АПЕКС-БАНК,Діючий,380720,,,0,0,6,5,11,12,14,15,15,14,13,12,12
407,"ДОЙЧЕ БАНК ДБУ",Діючий,380731,,,0,0,0,0,0,0,0,0,0,0,0,0,0
430,"""ЦЕНТР""",Діючий,380742,,,,0,0,0,0,0,1,1,1,3,4,4,4
455,"СЕБ КОРПОРАТИВНИЙ БАНК",Діючий,380797,,,,,0,0,0,0,0,0,0,0,0,0,0
460,"БАНК СІЧ",Діючий,380816,,,,,0,0,3,3,30,35,47,55,60,62,63
463,"ДІВІ БАНК",Діючий,380827,,,,,1,2,3,2,3,3,3,3,3,3,3
510,"""ФІНАНСОВИЙ ПАРТНЕР""",Діючий,380872,,,,,,1,1,1,1,1,1,1,1,1,1
512,"АЛЬПАРІ БАНК",Діючий,380894,,,,,,0,0,0,0,0,0,0,0,0,0
553,"БАНК АВАНГАРД",Діючий,380946,,,,,,,0,0,0,0,0,0,0,0,0
593,"""РОЗРАХУНКОВИЙ ЦЕНТР""",Діючий,344443,,,,,,,0,0,0,0,0,0,0,0,0
634,"БАНК ПОРТАЛ",Діючий,339016,,,,,,,0,0,0,0,0,0,0,0,0
654,"""ГЕФЕСТ""",Діючий,377120,,,,,,,0,0,0,0,0,0,0,0,0
694,КРИСТАЛБАНК,Діючий,339050,,,,,,,,0,8,11,15,18,21,21,21
774,"""РВС БАНК""",Діючий,339072,,,,,,,,,13,13,13,13,13,13,13
66,"РОДОВІД БАНК",Неплатоспроможний,321712,136,153,96,,71,4,4,3,3,,,,,,
317,"""ФІНАНСОВА ІНІЦІАТИВА""",Неплатоспроможний,380054,3,37,24,45,64,65,89,85,,,,,,,
513,"БАНК ЮНІСОН",Неплатоспроможний,380902,,,,,,0,6,12,15,15,,,,,
11,"ОМЕГА БАНК","Режим ліквідації",300164,178,209,156,92,59,0,0,0,,,,,,,
13,ЛЕГБАНК,"Режим ліквідації",300056,11,11,11,10,8,8,4,,,,,,,,
17,"БАНК ФІНАНСИ ТА КРЕДИТ","Режим ліквідації",300131,374,365,322,327,311,320,329,289,,,,,,,
18,УКРІНБАНК,"Режим ліквідації",300142,151,148,103,103,127,197,135,139,,,,,,,
22,ФІДОБАНК,"Режим ліквідації",300175,19,33,73,72,72,56,134,77,56,56,,,,,
30,"IНТЕГРАЛ - БАНК","Режим ліквідації",320735,2,2,14,21,27,29,26,25,,,,,,,
31,ЕНЕРГОБАНК,"Режим ліквідації",300272,46,52,53,47,40,44,41,33,,,,,,,
34,"УКРАЇНСЬКИЙ ПРОФЕСІЙНИЙ БАНК","Режим ліквідації",300205,17,29,32,32,41,47,47,45,,,,,,,
35,IНТЕРБАНК,"Режим ліквідації",300216,4,4,1,3,9,4,0,,,,,,,,
37,БРОКБІЗНЕСБАНК,"Режим ліквідації",300249,301,338,352,384,416,365,307,,,,,,,,
45,"ПІВДЕНКОМБАНК ","Режим ліквідації",335946,18,22,28,34,35,35,37,,,,,,,,
47,"ЮСБ БАНК","Режим ліквідації",305987,6,11,7,8,222,174,293,231,,,,,,,
53,"ПРОФІН БАНК","Режим ліквідації",334594,11,11,11,12,9,9,3,46,,,,,,,
57,"""КАПІТАЛ""","Режим ліквідації",334828,36,59,55,54,56,45,46,31,,,,,,,
59,ПРОМЕКОНОМБАНК,"Режим ліквідації",334992,8,11,6,8,8,71,92,,,,,,,,
60,"""ДАНІЕЛЬ""","Режим ліквідації",380980,10,11,13,9,9,26,19,,,,,,,,
67,ЕКСПОБАНК,"Режим ліквідації",322294,25,29,27,27,28,29,26,,,,,,,,
75,"СТАРОКИЇВСЬКИЙ БАНК","Режим ліквідації",321477,4,6,6,6,6,9,9,,,,,,,,
76,"ВIEЙБI БАНК","Режим ліквідації",380537,172,174,151,151,139,131,134,,,,,,,,
84,"""ТАВРИКА""","Режим ліквідації",300788,31,39,42,42,41,,,,,,,,,,
98,"БАНК МЕРКУРІЙ","Режим ліквідації",351663,26,29,30,28,28,28,24,,,,,,,,
107,"""ПОРТО-ФРАНКО""","Режим ліквідації",328180,4,4,3,3,3,3,2,,,,,,,,
109,IНВЕСТБАНК,"Режим ліквідації",328210,12,15,15,19,18,18,18,16,20,23,24,22,,,
122,ФІНБАНК,"Режим ліквідації",328685,20,25,14,17,30,31,29,15,1,1,1,1,1,1,
124,"РЕАЛ БАНК","Режим ліквідації",351588,5,7,7,10,12,20,31,,,,,,,,
127,"ГРІН БАНК","Режим ліквідації",322324,1,0,0,20,36,40,15,,,,,,,,
137,"БАНК ДЕМАРК","Режим ліквідації",353575,63,77,66,66,66,61,58,,,,,,,,
159,"ФІНАНС БАНК","Режим ліквідації",300896,0,0,1,1,1,0,0,0,0,1,,,,,
167,ФІНРОСТБАНК,"Режим ліквідації",328599,5,5,8,25,125,68,187,,,,,,,,
169,"БАНК НАРОДНИЙ КАПІТАЛ","Режим ліквідації",322432,1,1,3,3,3,3,3,10,50,52,52,52,47,,
186,"УКРБІЗНЕСБАНК ","Режим ліквідації",334969,40,41,50,55,66,59,54,,,,,,,,
195,"УКРКОМУНБАНК *","Режим ліквідації",304988,97,87,81,79,77,61,49,48,,,,,,,
198,АВТОКРАЗБАНК,"Режим ліквідації",331100,13,15,16,17,18,19,20,,,,,,,,
201,"БАНК КОНТРАКТ","Режим ліквідації",322465,1,1,1,16,38,38,34,44,,,,,,,
202,"""ХРЕЩАТИК""","Режим ліквідації",300670,117,152,153,154,146,139,134,129,128,125,,,,,
203,"""КИЇВ""","Режим ліквідації",322498,98,114,63,51,25,16,12,12,,,,,,,
209,"БАНК ЗОЛОТІ ВОРОТА","Режим ліквідації",351931,19,18,20,20,19,25,31,,,,,,,,
222,"""УКООПСПІЛКА""","Режим ліквідації",322625,14,14,14,11,36,16,16,13,,,,,,,
223,"""СТОЛИЧНИЙ""","Режим ліквідації",397133,3,10,12,13,14,14,15,14,,,,,,,
225,"""НАДРА""","Режим ліквідації",320003,683,702,557,,537,545,522,377,,,,,,,
227,"БАНК HАЦІОНАЛЬНІ ІНВЕСТИЦІЇ","Режим ліквідації",300498,1,1,1,1,1,1,5,10,,,,,,,
228,"БГ БАНК","Режим ліквідації",320995,41,33,22,11,19,22,20,,,,,,,,
232,ДІАМАНТБАНК,"Режим ліквідації",320854,46,59,61,67,72,70,70,75,83,88,89,89,88,88,
237,"КСГ БАНК ","Режим ліквідації",380292,3,2,2,2,2,1,0,2,2,2,2,,,,
248,"БАНК ФОРУМ","Режим ліквідації",322948,289,331,280,191,148,105,106,,,,,,,,
255,"БАНК ВЕЛЕС","Режим ліквідації",322799,0,0,0,0,0,0,0,0,,,,,,,
258,IМЕКСБАНК,"Режим ліквідації",328384,370,390,306,292,318,340,378,156,,,,,,,
260,"""ТК КРЕДИТ""","Режим ліквідації",322830,0,0,0,0,0,0,0,0,0,,,,,,
273,ЗАХІДІНКОМБАНК,"Режим ліквідації",303484,74,81,51,48,33,27,19,,,,,,,,
275,"СХІДНО-ПРОМИСЛ. КОМЕРЦ. БАНК *","Режим ліквідації",304706,7,9,8,9,7,7,7,7,,,,,,,
276,КЛАСИКБАНК,"Режим ліквідації",306704,5,8,1,1,18,31,4,3,1,1,,,,,
277,"БАНК НАЦІОНАЛЬНИЙ КРЕДИТ","Режим ліквідації",320702,68,64,51,43,43,44,53,54,,,,,,,
278,УКРГАЗПРОМБАНК,"Режим ліквідації",320843,8,20,26,29,29,26,26,17,,,,,,,
280,"БАНК КИЇВСЬКА РУСЬ ","Режим ліквідації",319092,103,137,137,136,131,122,139,123,,,,,,,
283,"БАНК ПЕТРОКОММЕРЦ-УКРАЇНА","Режим ліквідації",300120,21,19,21,17,14,12,11,5,2,,,,,,
285,"ТЕРРА БАНК","Режим ліквідації",306801,10,21,21,27,43,45,52,,,,,,,,
289,КРЕДИТПРОМБАНК,"Режим ліквідації",300863,174,192,172,170,170,155,1,0,,,,,,,
300,ПРАЙМ-БАНК,"Режим ліквідації",300669,0,0,0,0,0,1,3,,,,,,,,
302,"АКТИВ - БАНК","Режим ліквідації",300852,24,30,29,29,27,25,28,,,,,,,,
303,АРТЕМ-БАНК,"Режим ліквідації",300885,0,0,0,0,0,0,44,71,23,32,42,44,,,
304,ФОРТУНА-БАНК,"Режим ліквідації",300904,4,8,7,4,4,6,11,5,4,4,4,0,0,,
306,УНIКОМБАНК,"Режим ліквідації",335902,4,4,3,2,2,0,0,4,,,,,,,
309,ФІНЕКСБАНК,"Режим ліквідації",380311,3,4,4,4,4,4,4,6,6,6,6,5,,,
310,"""УКРАЇНСЬКИЙ ФІНАНСОВИЙ СВІТ""","Режим ліквідації",377777,1,8,6,7,12,14,19,,,,,,,,
315,"БАНК КАМБІО","Режим ліквідації",380399,7,10,10,8,8,8,9,,,,,,,,
316,"ПЛАТИНУМ БАНК","Режим ліквідації",380388,0,4,5,32,69,72,73,70,64,65,67,68,69,,
318,ЄВРОБАНК,"Режим ліквідації",380355,0,2,1,1,1,1,2,2,3,3,,,,,
323,"""АКСІОМА""","Режим ліквідації",307305,1,81,278,319,1,5,19,,,,,,,,
324,"ДЕЛЬТА БАНК","Режим ліквідації",380236,27,78,80,101,117,129,243,199,,,,,,,
330,"ЄВРОГАЗБАНК ","Режим ліквідації",380430,0,3,5,9,11,17,27,,,,,,,,
332,"ЕРДЕ БАНК","Режим ліквідації",380667,1,6,12,25,53,,,,,,,,,,
333,"МІСЬКИЙ КОМЕРЦІЙНИЙ БАНК ","Режим ліквідації",339339,16,25,28,34,39,63,103,,,,,,,,
379,"""ПРЕМIУМ""","Режим ліквідації",339555,0,0,0,0,0,0,10,14,22,,,,,,
380,"БАНК ТРАСТ","Режим ліквідації",380474,0,3,3,3,14,14,14,23,23,23,20,20,,,
385,"""СОЮЗ""","Режим ліквідації",380515,0,0,0,2,4,5,6,3,3,,,,,,
390,"АКТАБАНК ","Режим ліквідації",307394,,0,5,11,29,36,44,,,,,,,,
391,ЗЛАТОБАНК,"Режим ліквідації",380612,,0,7,21,29,49,69,59,,,,,,,
398,"""СТАНДАРТ""","Режим ліквідації",380690,,,0,1,3,8,16,33,,,,,,,
403,АВАНТ-БАНК,"Режим ліквідації",380708,,,0,0,0,18,41,175,184,,,,,,
405,"ВСЕУКРАЇНСЬКИЙ БАНК РОЗВИТКУ","Режим ліквідації",380719,,,2,7,20,29,35,,,,,,,,
409,"РАДИКАЛ БАНК","Режим ліквідації",319111,,,,12,35,46,48,47,,,,,,,
433,"СМАРТБАНК ","Режим ліквідації",380786,,,,0,11,9,9,0,1,1,,,,,
466,ІНТЕРКРЕДИТБАНК,"Режим ліквідації",307424,,,,,0,8,7,,,,,,,,
470,"МЕЛІОР БАНК","Режим ліквідації",307435,,,,,,,6,,,,,,,,
490,"БАНК СОФІЙСЬКИЙ","Режим ліквідації",380861,,,,,,6,2,2,,,,,,,
533,"БАНК МИХАЙЛІВСЬКИЙ","Режим ліквідації",380935,,,,,,,5,53,81,82,,,,,
573,"ІНВЕСТИЦІЙНО-ТРАСТОВИЙ БАНК","Режим ліквідації",380957,,,,,,,0,0,0,0,,,,,
594,ДЕРЖЗЕМБАНК,"Режим ліквідації",380968,,,,,,,0,0,0,0,0,,,,
674,"ВЕКТОР БАНК","Режим ліквідації",339038,,,,,,,,0,1,1,1,7,9,,
234,"КІБ КРЕДІ АГРІКОЛЬ",Реорганізація,300379,0,0,0,0,0,,,,,,,,,,
20,ФАКТОРІАЛ,"Виключено з Держ.реєстру",351715,65,72,0,,,,,,,,,,,,
26,ТРАНСБАНК,"Виключено з Держ.реєстру",300089,42,43,27,,,,,,,,,,,,
40,ІНТЕРКОНТИНЕНТБАНК,"Виключено з Держ.реєстру",300313,0,0,,,,,,,,,,,,,
51,"""АРМА""","Виключено з Держ.реєстру",380300,13,16,2,,,,,,,,,,,,
68,УКРПРОМБАНК,"Виключено з Держ.реєстру",321228,137,123,26,,,,,,,,,,,,
74,"""НАЦIОНАЛЬНИЙ СТАНДАРТ""","Виключено з Держ.реєстру",321466,21,23,0,,,,,,,,,,,,
81,ЄБРЗ,"Виключено з Держ.реєстру",324485,157,0,,,,,,,,,,,,,
87,"БАНК РЕГІОНАЛЬНОГО РОЗВИТКУ","Виключено з Держ.реєстру",300540,23,28,0,,,,,,,,,,,,
93,"""ДНІСТЕР""","Виключено з Держ.реєстру",325569,26,25,6,,,,,,,,,,,,
110,ОДЕСА-БАНК,"Виключено з Держ.реєстру",328102,33,30,0,,,,,,,,,,,,
117,ДІАЛОГБАНК,"Виключено з Держ.реєстру",307112,3,3,2,,,,,,,,,,,,
125,"ЗЕМЕЛЬНИЙ БАНК","Виключено з Держ.реєстру",351652,22,30,26,,,,,,,,,,,,
135,ІНПРОМБАНК,"Виключено з Держ.реєстру",351878,71,96,79,77,8,,,,,,,,,,
139,ДОНГОРБАНК,"Виключено з Держ.реєстру",334970,39,54,56,,,,,,,,,,,,
144,"""БАЗИС""","Виключено з Держ.реєстру",351760,40,51,49,42,43,,,,,,,,,,
151,"""ЄВРОПЕЙСЬКИЙ""","Виключено з Держ.реєстру",380184,36,31,0,,,,,,,,,,,,
183,"""ПРИЧОРНОМОР'Я""","Виключено з Держ.реєстру",306759,12,11,2,,,,,,,,,,,,
215,"""МОРСЬКИЙ""","Виключено з Держ.реєстру",324742,10,16,18,18,19,20,22,,,,,,,,
216,"""БІГ ЕНЕРГІЯ""","Виключено з Держ.реєстру",322603,15,12,7,,,,,,,,,,,,
217,"СХІДНОЄВРОПЕЙСЬКИЙ БАНК","Виключено з Держ.реєстру",322658,42,43,14,,,,,,,,,,,,
238,"""СИНТЕЗ""","Виключено з Держ.реєстру",322711,59,75,56,,,,,,,,,,,,
282,"СВЕДБАНК ІНВЕСТ","Виключено з Держ.реєстру",320650,10,9,0,,,,,,,,,,,,
284,"ЧОРНОМОРСЬКИЙ БАНК РОЗВИТКУ ТА РЕКОНСТР.","Виключено з Держ.реєстру",384577,34,41,33,30,31,32,34,,,,,,,,
287,"УНIКРЕДИТ БАНК","Виключено з Держ.реєстру",303536,58,62,62,60,50,39,,,,,,,,,
292,"ХФБ Україна","Виключено з Держ.реєстру",320724,0,,,,,,,,,,,,,,
301,"""ВОЛОДИМИРСЬКИЙ""","Виключено з Держ.реєстру",337933,20,20,13,8,,,,,,,,,,,
307,"БАНК РЕНЕСАНС КАПІТАЛ","Виключено з Держ.реєстру",380010,15,17,19,30,45,45,58,,,,,,,,
308,СОЦКОМБАНК,"Виключено з Держ.реєстру",388313,21,29,9,,,,,,,,,,,,
312,"БАНК СТОЛИЦЯ","Виключено з Держ.реєстру",380623,10,10,2,2,,,,,,,,,,,
314,"УКРАЇНСЬКА ФІНАНСОВА ГРУПА","Виключено з Держ.реєстру",380128,6,5,4,,,,,,,,,,,,
322,"ЕРСТЕ БАНК","Виключено з Держ.реєстру",380009,62,131,128,123,117,101,,,,,,,,,
327,IПОБАНК,"Виключено з Держ.реєстру",380270,1,1,1,,,,,,,,,,,,
"Усього по системі банків",,,,21089,22974,20777,19449,20257,19632,19290,15082,11871,11327,10822,10718,10316,10011,9844
,,,,,,,,,,,,,,,,,,
"* По банках, що є діючими на звітну дату",,,,,,,,,,,,,,,,,,
,"Банк не є діючим на звітну дату",,,,,,,,,,,,,,,,,
