,,,,,,,,Додаток,,
"Власний капітал банків України",,,,,,,,,,
"за станом на 01.01.2013",,,,,,,,,,
,,,,,,,,,(тис.грн.),
"№ з/п","№ з/гр","Назва банку","Статутний капітал ","Емісійні різниці ","Незареєстровані внески до статутного капіталу","Нерозподілений прибуток (непокритий збиток)","Резервні та інші фонди банку","Резерви переоцінки","Усього власного капіталу ","Усього зобов'язань та власного капіталу"
,,,,,,,,,,
,,"Група I ",,,,,,,,
1,1,ПРИВАТБАНК,14897555.475,19708.978,0,1571423.63359,1250568.60933,561504.71937,18300761.41529,172428712.41163
2,2,УКРЕКСІМБАНК,16446817.65882,0,0,311109.50224,146232.67673,952033.72977,17856193.56756,87948877.54942
3,3,ОЩАДБАНК,15537900,0,0,1242898.91034,126498.7732,1210848.89926,18118146.5828,85995535.84385
4,4,"РАЙФФАЙЗЕН БАНК АВАЛЬ",3002574.1406,3032707.12915,0,-840112.67313,278625.33012,872234.26294,6346028.18968,47694485.90339
5,5,ПРОМІНВЕСТБАНК,5298714.52,0,0,-2181313.98537,0,2155996.31677,5273396.8514,41318057.86364
6,6,УКРСОЦБАНК,1814515.1669,1654428.91271,0,-28932.03419,2163895.42717,2053177.80951,7657085.2821,38829857.52742
7,7,"ВТБ БАНК",5415784.405,0,0,-1530654.39968,0,165725.19706,4050855.20238,34212327.43943
8,8,"ДЕЛЬТА БАНК",2327000,0,0,97857.5620299997,567639.627,17768.25066,3010265.43969,29842468.49515
9,9,"ПЕРШИЙ УКР.МІЖНАРОДНИЙ БАНК",3294492.4,101659.63403,0,-524731.10504,649551.24504,693859.21213,4214831.38616,28229805.28363
10,10,"""НАДРА""",3890362.66,638909.57829,0,-689069.04921,100.05398,189622.35138,4029925.59444,27684453.53501
11,11,"СБЕРБАНК РОСІЇ",3392460.5,270558,0,-1068595.66079,364732.21877,141437.92711,3100592.98509,27025933.44274
12,12,УКРСИББАНК,1774333.04,811259.8416,0,-7907969.62073,7940712.37354,10494.07799,2628829.7124,25888436.40215
13,13,АЛЬФА-БАНК,4639120.959,6.46353,0,-883112.08463,247335.34502,96531.34981,4099882.03273,25588815.29817
14,14,"БАНК ФІНАНСИ ТА КРЕДИТ",2100000,0,0,-250486.01053,0,33951.90478,1883465.89425,22548399.58197
15,15,"УКРГАЗБАНК ",10000000,135941.77628,0,-6551926.38459,10058.02125,220476.67539,3814550.08833,20997237.50826
,,,,,,,,,,
,,,,,,,,,,
,,,,,,,,,,
,,"Група II ",,,,,,,,
16,1,"ОТП БАНК",2868190.52175,2754.16982,0,261527.02444,355830.92323,0,3488302.63924,20314985.58523
17,2,БРОКБІЗНЕСБАНК,2524140,0,0,7795.50064000022,57271.46508,329844.93833,2919051.90405,16927722.58124
18,3,"ВIEЙБI БАНК",2348619.13305,430119.42807,0,-1659362.68463,16128.74352,64506.73987,1200011.35988,13282646.44534
19,4,"КРЕДІ АГРІКОЛЬ БАНК",1050000,0,172928.76,89442.52966,247893.97402,-3483.34246,1556781.92122,13175745.417
20,5,КРЕДИТПРОМБАНК,2635938.34,200462.08716,0,-792201.37465,0,21728.31514,2065927.36765,12216785.72542
21,6,"IHГ БАНК УКРАЇНА",731298.045,0,0,994571.69744,366749.8615,0,2092619.60394,11526360.47582
22,7,"""ФІНАНСОВА ІНІЦІАТИВА""",1850000,0,0,1141.86278999969,57818.6817,0,1908960.54449,10036837.93353
23,8,"""ПІВДЕННИЙ""",956894,335564.02,0,93502.02096,127738.55687,122815.22227,1636513.8201,10013635.10067
24,9,IМЕКСБАНК,1140000,0,0,3293.55428,85053.93628,3794.88199,1232142.37255,9099475.20197
25,10,"РОДОВІД БАНК",12359298.9996,535523.976,0,-9889815.05829,573038.31859,68850.23416,3646896.47006,8875012.08877
26,11,"""ХРЕЩАТИК""",828828,0,0,-192250.79151,36354.40444,30017.71682,702949.32975,8842808.30089
27,12,"БАНК ФОРУМ",5934618.92,0,0,-4593841.21057,38637.5393,96293.2736,1475708.52233,8667271.61488
28,13,"БАНК КРЕДИТ ДНІПРО",315000,0,0,1646.68502,188320.96365,90800.79212,595768.44079,8370820.63778
29,14,"ЕРСТЕ БАНК",1380500,1130000,0,-1120560.658,3528.68526,16291.05655,1409759.08381,8032674.76879
30,15,"УНІВЕРСАЛ БАНК",1162671.97,887485.30841,0,-1480751.30455,27985.60491,3647.62432,601039.20309,7012227.052
31,16,"УНIКРЕДИТ БАНК",653507.67,2018.18022,0,147166.78063,155693.8805,-969.54597,957416.96538,6441283.64528
32,17,"БТА БАНК  ",1500000,87158.60807,0,-103572.93274,33093.3893,25547.11979,1542226.18442,5888641.35407
33,18,"БАНК КИЇВСЬКА РУСЬ ",416080,0,69000,-112614.44587,44003.89936,83990.45107,500459.90456,5589544.72547
34,19,"БАНК 3/4",267000,0,0,71080.4256000001,83799.19788,140.20426,422019.82774,5183363.1392
35,20,ПРАВЕКС-БАНК,941920,786807.89042,0,-709753.24312,1332.10769,242400.1292,1262706.88419,5180858.92383
,,,,,,,,,,
,,,,,,,,,,
,,,,,,,,,,
,,"Група III ",,,,,,,,
36,1,"ПІВДЕНКОМБАНК ",300000,0,0,7806.20463,64144.99955,4497.71945,376448.92363,5578515.91108
37,2,ЗЛАТОБАНК,352500,0,0,3353.24455,2996.00481,0,358849.24936,5226131.83654
38,3,"СІТІБАНК ",66500,253090.78194,0,484022.99793,95172.05082,-35712.06423,863073.76646,5201505.78439
39,4,УКРІНБАНК,305000,11.77563,0,427.770269999979,29754.08673,248245.49351,583439.12614,5090369.29277
40,5,ФІДОБАНК,675688.819,1.86726,519474.0336,-330558.45549,293.54677,276623.46153,1141523.27267,4936846.57375
41,6,МЕГАБАНК,500000,138.44,0,2004.84664999996,103316.59949,50863.92319,656323.80933,4840057.86978
42,7,"ВСЕУКРАЇНСЬКИЙ БАНК РОЗВИТКУ",310000,0,0,49242.06526,2726.5655,0,361968.63076,4741236.44844
43,8,"ТЕРРА БАНК",557141,0,0,2252.77423,7133.64973,6624.29563,573151.71959,4551838.48113
44,9,"УКРБІЗНЕСБАНК ",234160,11436.42887,0,25650.96285,56297.98964,47574.09786,375119.47922,4516134.48855
45,10,КРЕДOБАНК,1918969.46916,38.05317,0,-1546710.19939,40175.66687,184838.88006,597311.86987,4507779.52004
46,11,"АКТАБАНК ",400000,12.19,0,9760.23552,7986.08605,6.1362,417764.64777,4290669.62224
47,12,"ДІВІ БАНК",590000,0,0,4965.83548,35.30722,0,595001.1427,4150629.57633
48,13,"МАРФІН БАНК ",435000.05,80211.7403,0,1151.46429000003,80232.07368,27575.0849,624170.41317,4126060.57525
49,14,АВАНТ-БАНК,320000,0,0,1037.78771999999,1062.03306,321.40866,322421.22944,3759724.076
50,15,"ПЛАТИНУМ БАНК",380567.201,0,0,1163.98918,1132.51227,0,382863.70245,3697021.86041
51,16,"""СОЮЗ""",336000,0,0,2851.01028000005,4320.12526,1327.36445,344498.49999,3685431.55578
52,17,"УКРАЇНСЬКИЙ ПРОФЕСІЙНИЙ БАНК",500000,9539.7816,0,48093.7845900001,41632.48629,18.1416,599284.19408,3524304.48435
53,18,"""КЛІРИНГОВИЙ ДІМ""",439692.5,0,0,37995.52923,45350.29581,50040.32679,573078.65183,3516490.80034
54,19,ДІАМАНТБАНК,210000,0,0,2888.06290000002,61739.42446,0,274627.48736,3433313.99354
55,20,"СВЕДБАНК  ",5440927.662,0,0,-5235117.85757,235.77443,40163.36092,246208.93978,3304186.96231
56,21,IНДУСТРІАЛБАНК,607798.0545,8021.50405,0,41993.14064,137686.22393,10095.90101,805594.82413,3217324.99002
57,22,"МІСЬКИЙ КОМЕРЦІЙНИЙ БАНК",195890,0,0,3250.78171,3949.98779,8629.17631,211719.94581,3152134.45276
58,23,"ПІРЕУС БАНК МКБ",1627792.22,0,0,-1079918.39407,41244.84597,23383.78081,612502.45271,3084879.53001
59,24,"ЄВРОГАЗБАНК ",230000,0,0,2641.75894,7121.53243,0,239763.29137,2720304.59909
60,25,"БАНК ТАВРИКА",350000,0,0,-1093201.71682,72129.73824,333.24782,-670738.73076,2652557.8808
,,,,,,,,,,
,,,,,,,,,,
,,,,,,,,,,
,,"Група IV ",,,,,,,,
61,1,"""КИЇВ""",3567544,846.7425,0,-3461503.11726,366441.49019,307275.29113,780604.40656,2835182.26103
62,2,"АКТИВ - БАНК",312750,0,0,149398.30991,82947.17797,208.94841,545304.43629,2827398.77318
63,3,"БАНК ІНВЕСТИЦІЙ ТА ЗАОЩАДЖЕНЬ",250000,0,0,2603.32075,34258.07494,0,286861.39569,2756339.88692
64,4,"БАНК КІПРУ",700643.6,40.6982,0,-26739.44129,50703.04386,11743.10186,736391.00263,2739732.09827
65,5,"БАНК РУСКИЙ СТАНДАРТ",183000,0,0,-5056.95272,0,0,177943.04728,2729173.65627
66,6,"БАНК HАЦІОНАЛЬНІ ІНВЕСТИЦІЇ",161000,0,0,7628.95686,45154.30132,16.94429,213800.20247,2644867.29898
67,7,ФІНБАНК,135050,43.584,0,-6413.06607,13770.22573,36899.6047,179350.34836,2553389.16587
68,8,"БМ БАНК",579667.85,0,0,-339967.67759,5383.40697,35.02877,245118.60815,2526585.01218
69,9,ЕКСПРЕС-БАНК,248767.757,0,0,73141.85096,80709.12062,40442.50053,443061.22911,2521015.48759
70,10,ФОРТУНА-БАНК,215000,0,0,4235.60865000001,39665.09435,158742.99955,417643.70255,2359260.06091
71,11,"ПРОКРЕДИТ БАНК",298333.22448,777.80336,0,-21069.40863,0,18.05067,278059.66988,2277932.20043
72,12,ТАСКОМБАНК,220000,11,0,47198.2547,1824.20855,25737.27461,294770.73786,2275585.67598
73,13,"ІДЕЯ БАНК",160000,17420,0,32112.44197,23435.98582,34307.91452,267276.34231,2259928.92309
74,14,ФОЛЬКСБАНК,420000,42863.64134,0,-98797.05659,28757.45528,86117.0277,478941.06773,2243155.54676
75,15,"ДОЙЧЕ БАНК ДБУ",228666.102,0,0,-32967.73468,0,-824.17968,194874.18764,2052493.71607
76,16,"БАНК ПЕРШИЙ",265000,0,0,2630.39784,13181.09946,16394.14329,297205.64059,1951294.69804
77,17,"БАНК КАМБІО",111467.42152,0,0,658.555739999982,663.04553,33465.93174,146254.95453,1945132.36936
78,18,ЕКСПОБАНК,404231.212,0,0,-189855.00372,9185.49477,93453.3763,317015.07935,1898331.65405
79,19,"БАНК ДЕМАРК",176000,393.43215,0,700.357170000003,32150.85664,5871.4682,215116.11416,1876717.17626
80,20,"АСТРА БАНК",1050000,0,0,121183.11525,2883.72743,-28760.535,1145306.30768,1817278.48694
81,21,"IНТЕГРАЛ - БАНК",160000,14.15,0,2424.69712999999,27307.86318,0,189746.71031,1811760.20819
82,22,АКЦЕНТ-БАНК,125560,40.51219,0,29688.4215300001,29098.56323,3075.39987,187462.89682,1804998.84612
83,23,ЕНЕРГОБАНК,359037.175,32.5,0,-110666.78796,28208.79236,24501.99892,301113.67832,1735240.14362
84,24,"БАНК ВОСТОК",307350,0,0,52785.43487,2359.6612,0,362495.09607,1727759.33371
85,25,"""ТК КРЕДИТ""",151828.75,5.4308,0,246.896859999979,16215.08677,18.873,168315.03743,1725731.04126
86,26,"""ГЛОБУС""",160000,0,0,52563.12901,4605.52685,0,217168.65586,1721682.48138
87,27,"БАНК МЕРКУРІЙ",141500,0,0,5502.85360999999,12206.87853,61941.81177,221151.54391,1708515.23885
88,28,"""АРКАДА""",220445.042,13.40704,0,45942.12066,43904.34255,0,310304.91225,1706462.997
89,29,"МІСТО БАНК",299980,1056.3,0,-72718.03977,18355.59982,63596.38553,310270.24558,1598099.60942
90,30,"МІЖНАРОДНИЙ ІНВЕСТИЦІЙНИЙ БАНК",99825,0,0,10875.02896,605.28851,-15.4143,111289.90317,1572591.97299
91,31,"БАНК НАЦІОНАЛЬНИЙ КРЕДИТ",113960.75,54132.069,0,-113139.63697,38602.30149,0,93555.48352,1447095.77958
92,32,"""КАПІТАЛ""",194078.895,1048.95,0,-10221.56906,6664.10404,363.33909,191933.71907,1444387.36909
93,33,"БАНК ЗОЛОТІ ВОРОТА",169651.3,0,0,-38180.35993,2402.16823,14086.98981,147960.09811,1404371.81376
94,34,"КРЕДИТ ЄВРОПА БАНК ",505000,0,0,-1704.11187999998,522.65,-8821.06504,494997.47308,1401787.96824
95,35,ЄВРОБАНК,126670,0,0,1370.45110000001,74.79634,2305.4154,130420.66284,1387303.39688
96,36,"""УКРАЇНСЬКИЙ ФІНАНСОВИЙ СВІТ""",143000,0,0,27862.00758,62317.37896,0,233179.38654,1375858.71225
97,37,"""ДАНІЕЛЬ""",120412,0,0,597.83196000004,43469.43877,0,164479.27073,1362005.65636
98,38,"ПОЛТАВА - БАНК",70500,60.31201,0,17613.2006,63980.42417,80020.54222,232174.479,1338882.42387
99,39,ФІНРОСТБАНК,120000,0,0,2014.59908000001,9607.15731,0,131621.75639,1316228.63521
100,40,"ЮНЕКС БАНК",292000,4160.86042,0,12416.50995,1289.99055,32504.2694,342371.63032,1303183.91642
101,41,АВТОКРАЗБАНК,155000,1525.36079,0,-3672.88565,0,12140.9387,164993.41384,1176058.55586
102,42,"СЕБ КОРПОРАТИВНИЙ БАНК",250000,0,0,14554.78342,42.47,0,264597.25342,987676.46726
103,43,"""ПОРТО-ФРАНКО""",105553.56,0,14500,1925.2194,7513.57457,145.2328,129637.58677,957440.90066
104,44,"РЕАЛ БАНК",150000,80000,0,2574.33828999999,20308.4909,2108.26645,254991.09564,921808.87666
105,45,"БАНК ПЕТРОКОММЕРЦ-УКРАЇНА",319474.505,124.44962,0,-215720.4088,40389.20232,1063.20964,145330.95778,916024.17954
106,46,УКРГАЗПРОМБАНК,82800,0,0,6711.60912,60578.48802,9039.82841,159129.92555,908424.01419
107,47,"ПЕРШИЙ ІНВЕСТИЦІЙНИЙ БАНК",230000,17924.436,0,844.949410000001,3422.05418,-207.89459,251983.545,883611.21066
108,48,"""ЛЬВІВ""",237905.338,230.31264,0,-154379.44439,9936.31654,38136.6035,131829.12629,871486.16775
109,49,ЗАХІДІНКОМБАНК,174318.977,0,0,-95741.63159,138097.6719,17609.69967,234284.71698,824933.63438
110,50,КОМІНВЕСТБАНК,115000,0,0,897.762820000004,9599.51698,3462.61081,128959.89061,812164.17671
111,51,"""НОВИЙ""",150000,0,0,-58953.70444,2149.54318,2318.74576,95514.5845,787074.32738
112,52,"БАНК МОРСЬКИЙ",145962,12510.4031,0,-24269.32889,316.8184,16255.95563,150775.84824,783465.33679
113,53,МЕТАБАНК,35967.15378,1611.7943,0,49077.22986,30278.92404,6986.37403,123921.47601,775974.84105
114,54,АПЕКС-БАНК,190000,0,0,6522.78219,805.8288,68.38766,197396.99865,772339.43707
115,55,"РАДИКАЛ БАНК",120000,0,0,1904.82349,72.64268,-2138.25723,119839.20894,748234.71364
116,56,"БАНК РЕНЕСАНС КАПІТАЛ",201400,0,0,28343.89815,4548.05005,0,234291.9482,723050.83252
117,57,"""ПРЕМIУМ""",260000,0,0,-5052.71162,7762.70691,0,262709.99529,690660.14304
118,58,"ЄКАТЕРИНОСЛАВСЬКИЙ КОМЕРЦІЙНИЙ БАНК",247526.31,7000,0,1808.56408,24670.50245,14.06055,281019.43708,673214.57791
119,59,АКОРДБАНК,96400,0,0,1613.35653999999,1211.57937,141.716,99366.65191,665492.5597
120,60,"БАНК ГРАНТ",120000,0,0,1022.33211,17603.93205,35664.91225,174291.17641,663725.32547
121,61,"ЧОРНОМОРСЬКИЙ БАНК РОЗВИТКУ ТА РЕКОНСТР.",60407,0,0,346.996549999996,8523.30568,24295.39522,93572.69745,643859.95589
122,62,КЛАСИКБАНК,220000,0,0,530.8157,4268.35477,8266.26145,233065.43192,641432.45592
123,63,"БАНК БОГУСЛАВ",180000,0,0,8944.75766,4640.7002,683.64817,194269.10603,628209.01505
124,64,ПРОМЕКОНОМБАНК,92300,0.0005,30095,-11975.48635,33.2515,996.79463,111449.56028,622555.06798
125,65,"БАНК РИНКОВІ ТЕХНОЛОГІЇ",300000,0,0,834.624110000004,639.9074,0,301474.53151,610185.43037
126,66,УКРКОМУНБАНК,105800,0,0,19.39289,7926.38176,36765.89115,150511.6658,610006.53633
127,67,ЄВРОПРОМБАНК,120000,0,0,2078.95013,4569.79575,0,126648.74588,578190.84858
128,68,"БАНК КОНТРАКТ",86000,0,0,318.375020000007,10672.25568,23698.44367,120689.07437,575339.34949
129,69,"СТАРОКИЇВСЬКИЙ БАНК",51355.90047,0,0,1843.35941999999,9697.38815,37229.60904,100126.25708,565137.0189
130,70,АГРОКОМБАНК,102453.5,0.5,0,-1162.50013999999,11578.16626,16931.15322,129800.81934,563202.17374
131,71,IНТЕРБАНК,36050,0,0,249.043740000008,32927.03825,309.00471,69535.0867,524912.37467
132,72,УНIКОМБАНК,460564.375,0,0,26625.18578,3920.74329,0,491110.30407,523223.596
133,73,"""АКСІОМА""",266000,0,0,1824.56127999999,7137.49403,0,274962.05531,500925.65033
134,74,"""ФІНАНСОВИЙ ПАРТНЕР""",125000,0,0,28.09783,0,0,125028.09783,482963.40069
135,75,IНВЕСТБАНК,74129.6,0,0,6348.96648,13353.14271,7803.34136,101635.05055,472805.4377
136,76,ЛЕГБАНК,111500,0,0,231.23599,26006.14779,5124.40034,142861.78412,455603.36429
137,77,"БАНК СОФІЙСЬКИЙ",120000,0,0,137.39451,0,0,120137.39451,450630.86977
138,78,"АСВІО БАНК",104000,27.22845,0,1717.8313,20070.40722,0,125815.46697,449061.59437
139,79,"БАНК УКРАЇНСЬКИЙ КАПІТАЛ",85320,0,0,29592.39542,7940,125.41,122977.80542,446714.4395
140,80,"ДІАПАЗОН-МАКСИМУМ БАНК",110000,0,0,673.57359,4544.92257,0,115218.49616,446508.53475
141,81,"БАНК ТРАСТ",69000,0,0,110.94681,315.12935,12350.51559,81776.59175,439777.85865
142,82,"""ТРАСТ-КАПІТАЛ""",53250,0,0,8214.8628,22943.16812,6204.31684,90612.34776,410869.24865
143,83,ПОЛІКОМБАНК,49500.12,0,0,1929.38515,18817.4729,41796.91544,112043.89349,397011.57437
144,84,МОТОР-БАНК,120000,0,0,14916.9432,1789.49569,0,136706.43889,396806.83788
145,85,"""СТАНДАРТ""",125000,0,0,2612.66923,91.44034,143.01945,127847.12902,392324.77527
146,86,РЕГІОН-БАНК,56481.279,11.70712,0,8711.97568000003,12903.16621,7180.15829,85288.2863,389496.95004
147,87,"""СТОЛИЧНИЙ""",121335,91.2874,0,484.98046,3009.36568,4.71632,124925.34986,369790.587
148,88,"КРЕДИТВЕСТ БАНК",88045.2,2902.36496,0,11239.68589,5386.71485,0,107573.9657,346421.73122
149,89,"БАНК СІЧ",120000,0,0,1586.48416,3.05969,1131.90749,122721.45134,342997.35056
150,90,"МЕЛІОР БАНК",190000,0,0,228.977580000006,0,0,190228.97758,338093.26474
151,91,"ОКСІ БАНК",113575,0,0,4655.34944,5258.17505,0,123488.52449,330376.42563
152,92,АРТЕМ-БАНК,86000,0,0,1902.80894,6740.14968,212.1464,94855.10502,323871.393
153,93,"""УКООПСПІЛКА""",72626.32447,0.37087,0,3.73907000000327,8184.69455,57289.16398,138104.29294,307257.11308
154,94,ІНТЕРКРЕДИТБАНК,130000,0,0,26.33403,4.59699,0,130030.93102,306264.67679
155,95,"""КОНКОРД""",120000,0,0,918.609130000004,5722.89037,0,126641.4995,282048.33997
156,96,РАДАБАНК,120000,0,0,198.995689999996,17424.62855,1075.54468,138699.16892,274206.21507
157,97,"КРЕДИТ ОПТИМА БАНК",63000,0,0,245.94252,5219.85217,0,68465.79469,269561.19831
158,98,ФІНЕКСБАНК,122474,0,0,-2823.38675,62.19026,0,119712.80351,267844.42267
159,99,ПРАЙМ-БАНК,61100,3920,0,2892.22133,13216.74819,10835.527,91964.49652,257128.06036
160,100,"ЄВРОПЕЙСЬКИЙ БАНК РАЦІОН.ФІНАНС.",153000,0,0,18242.3653,6933.9633,13394.3598,191570.6884,249681.63306
161,101,УКРБУДІНВЕСТБАНК,120004.636,0,0,2265.9603,1590.55518,-33.8647,123827.28678,245327.04419
162,102,"""ЗЕМЕЛЬНИЙ КАПІТАЛ""",95220.5,0,0,78.7692299999981,5113.92453,7463.68092,107876.87468,231633.36568
163,103,ТММ-БАНК,66000,5764.93,70243.56,-1363.35675,20794.95387,0,161440.08712,217755.41716
164,104,"КОМЕРЦІЙНИЙ ІНДУСТРІАЛЬНИЙ БАНК",101276.684,0,0,12163.08446,3266.74828,5834.47548,122540.99222,215601.67407
165,105,"ПРОМИСЛОВО-ФІНАНСОВИЙ БАНК",106000,609,0,7034.08241,13882.82989,1344.04379,128869.95609,210076.47833
166,106,"ГРІН БАНК",76650,6.88495,0,242.551659999997,11901.00139,0,88800.438,200529.69165
167,107,"БАНК НАРОДНИЙ КАПІТАЛ",80055.59,0,0,417.254219999999,3190.82512,0,83663.66934,192334.25573
168,108,"ПРОФІН БАНК",121442.09,5535.06579,0,-51049.7333,49636.26833,6867.04215,132430.73297,180765.12263
169,109,"БАНК ФАМІЛЬНИЙ",66600.05496,0,0,27.3859200000006,3517.70801,14299.49397,84444.64286,170635.95477
170,110,"УКРАЇНСЬКИЙ БАНК РЕКОНСТР.ТА РОЗВ.",117999.5,0,0,-39240.56824,3980.71961,0,82739.65137,167541.21
171,111,"СХІДНО-ПРОМИСЛ. КОМЕРЦ. БАНК",95544,0,0,5440.31468,4860.5463,0,105844.86098,163104.10283
172,112,"""ЦЕНТР""",120000,0,0,6777.2591,522.02727,0,127299.28637,151465.26576
173,113,"БАНК ВЕЛЕС",105000,5247,0,133.71646,8256.92399,3536.04523,122173.68568,145779.04347
174,114,"БАНК АЛЬЯНС",64778.9,0,0,26.6540399999994,7403.10523,0,72208.65927,136205.43188
175,115,"АЛЬПАРІ БАНК",122000,0,0,134.71019,0,0,122134.71019,122170.51923
