,,,,,,,,Додаток,,
"Власний капітал банків України",,,,,,,,,,
"за станом на 01.04.2012",,,,,,,,,,
,,,,,,,,,"(тис. грн.)",
"№ з/п","№ з/гр","Назва банку","Статутний капітал ","Емісійні різниці ","Незареєстровані внески до статутного капіталу","Нерозподілений прибуток (непокритий збиток)","Резервні та інші фонди банку","Резерви переоцінки","Усього власного капіталу ","Усього зобов'язань та власного капіталу"
,,,,,,,,,,
,,"Група I ",,,,,,,,
1,1,ПРИВАТБАНК,13545171.615,19708.978,0,1839320.21486,1177136.36883,424367.40668,17005704.58337,153655074.91812
2,2,ОЩАДБАНК,15537900,0,0,1005791.14675,126498.7732,1280350.87866,17950540.79861,78417615.69595
3,3,УКРЕКСІМБАНК,16413486.1479,0,0,154731.27702,143641.24783,1030215.89101,17742074.56376,72850629.95557
4,4,"РАЙФФАЙЗЕН БАНК АВАЛЬ",3001558.2479,3029674.68976,0,-1016778.93121,277092.59666,1129431.69724,6420978.30035,50802839.60432
5,5,ПРОМІНВЕСТБАНК,5298714.52,0,0,-2408034.15603,0,2241333.30703,5132013.671,40462942.87117
6,6,УКРСОЦБАНК,1270000,1001010.71243,0,28104.40919,2149067.38112,2137455.77157,6585638.27431,40392565.19941
7,7,"ВТБ БАНК",5415784.405,0,0,-1896847.59367,0,198072.43469,3717009.24602,35394447.43999
8,8,"ПЕРШИЙ УКР.МІЖНАРОДНИЙ БАНК",3294492.4,101659.63403,0,-743720.78064,636171.47744,787124.96378,4075727.69461,31638762.01577
9,9,УКРСИББАНК,7511665.2,811259.8416,1360000,-7939077.46398,843380.21354,7178.30271,2594406.09387,29860663.08891
10,10,АЛЬФА-БАНК,4639120.959,6.46353,0,-886821.32881,229881.4912,187573.15085,4169760.73577,27646260.04452
11,11,"""НАДРА""",3890362.66,638909.57829,0,-689693.59463,0,189622.5871,4029201.23076,25950787.76861
12,12,"ДЕЛЬТА БАНК",827000,0,1500000,481380.60452,98301.37517,32013.60204,2938695.58173,24527623.46956
13,13,"ОТП БАНК",2868190.52175,2754.16982,0,327158.91305,-32600.01237,0,3165503.59225,23401389.3962
14,14,"БАНК ФІНАНСИ ТА КРЕДИТ",2000000,0,0,-253948.68226,0,32761.06339,1778812.38113,23026191.56256
15,15,"СБЕРБАНК РОСІЇ",2992460.5,170558,0,-1161473.18232,125252.03544,160721.34552,2287518.69864,20206433.87981
16,16,БРОКБІЗНЕСБАНК,2030400,0,0,30942.20238,55651.46508,324899.58156,2441893.24902,20200679.72976
17,17,"УКРГАЗБАНК ",10000000,135941.77628,0,-7557718.85023,10058.02125,306559.72219,2894840.66949,19407119.18081
,,,,,,,,,,
,,,,,,,,,,
,,,,,,,,,,
,,"Група II ",,,,,,,,
18,1,"ЕРСТЕ БАНК",1370500,490000,649911.93581,-689082.28979,3528.68526,50162.2781,1875020.60938,15317125.0224
19,2,КРЕДИТПРОМБАНК,2635938.34,200462.08716,0,-776885.34142,5915.46704,102923.71409,2168354.26687,12585249.72892
20,3,"ВIEЙБI БАНК",1848619.1327,430119.42807,0,-1447358.97359,16128.74352,64506.73987,912015.07057,11311110.00658
21,4,"IHГ БАНК УКРАЇНА",731298.045,0,0,833287.67522,358118.8615,0,1922704.58172,10309522.28938
22,5,"БАНК ФОРУМ",5934618.92,0,0,-4597143.33384,38637.5393,113899.94449,1490013.06995,10214685.82888
23,6,"""ПІВДЕННИЙ""",956894,335564.02,0,64400.75774,124738.55687,119751.51891,1601348.85352,9925413.74924
24,7,"РОДОВІД БАНК",12359298.9996,535523.976,0,-9918942.45251,573038.31859,90215.05808,3639133.89976,9033912.84442
25,8,"УНІВЕРСАЛ БАНК",1152671.97,527485.30841,0,-1250016.12517,27985.60491,616.96239,458743.72054,8632632.18264
26,9,"БАНК КРЕДИТ ДНІПРО",315000,0,0,2311.91073,186362.02959,96601.37483,600275.31515,8595812.16623
27,10,"""ФІНАНСОВА ІНІЦІАТИВА""",1850000,0,0,1583.05009999999,56598.54329,0,1908181.59339,8410909.80286
28,11,IМЕКСБАНК,990000,0,0,16856.64534,68589.64091,3794.88199,1079241.16824,8254464.70332
29,12,"""ХРЕЩАТИК""",828828,0,0,-242714.93032,36354.40444,39952.21917,662419.69329,7565684.94801
30,13,"КРЕДІ АГРІКОЛЬ БАНК",1050000,0,0,-353137.72569,31944.99293,-249.63374,728557.6335,7284808.71466
31,14,"СВЕДБАНК  ",5440927.662,0,0,-4575938.15469,4125.62247,47909.14262,917024.2724,6565817.88508
32,15,"СІТІБАНК ",66500,253090.78194,0,507422.55583,74711.25264,-22411.20602,879313.38439,6336797.4376
33,16,"УНIКРЕДИТ БАНК",653507.67,2018.18022,0,102398.45815,153846.16539,32.26378,911802.73754,6154864.18912
34,17,ПРАВЕКС-БАНК,937280,295397.70265,0,-440656.0898,1332.10769,242096.68865,1035450.40919,5782492.26339
35,18,"БТА БАНК  ",1500000,3.275,0,-17689.07682,28318.14393,24533.80863,1535166.15074,5749317.40025
36,19,"БАНК КИЇВСЬКА РУСЬ ",416080,0,69000,-89658.49639,20876.72518,84722.53213,501020.76092,5734573.22392
,,,,,,,,,,
,,,,,,,,,,
,,,,,,,,,,
,,"Група III ",,,,,,,,
37,1,"МАРФІН БАНК ",435000.05,80211.7403,0,-9742.48598,79106.33733,33234.4006,617810.04225,4782787.92473
38,2,"БАНК ТАВРИКА",300000,0,0,3359.21586999999,69153.88,-23.42608,372489.66979,4782429.91866
39,3,МЕГАБАНК,500000,138.44,0,5415.68698,99823.20854,52839.94703,658217.28255,4673485.93862
40,4,"БАНК 3/4",185000,0,0,159821.77062,294.63535,162.16797,345278.57394,4575790.63305
41,5,"ПІВДЕНКОМБАНК ",300000,0,0,9357.30868,56934.22254,4534.94716,370826.47838,4528791.00249
42,6,"ПІРЕУС БАНК МКБ",1627792.22,0,0,-1138678.27934,41244.84597,33557.27769,563916.06432,4234710.4814
43,7,УКРІНБАНК,305000,11.77563,0,-12339.05241,29377.53377,259309.40872,581359.66571,4176352.85492
44,8,"КІБ КРЕДІ АГРІКОЛЬ",172928.76,0,0,83030.08162,215837.98109,33649.05765,505445.88036,4041402.61092
45,9,"АКТАБАНК ",320000,12.19,0,5682.84482,5147.69288,154.56,330997.2877,3857919.16352
46,10,"""СОЮЗ""",336000,0,0,2570.36931000001,2420.58179,-2719.92619,338271.02491,3794684.93029
47,11,КРЕДOБАНК,1918969.46916,38.05317,0,-1511164.25227,40175.66687,217172.58599,665191.52292,3716973.82111
48,12,"""КЛІРИНГОВИЙ ДІМ""",439692.5,0,0,-24937.04574,86453.87556,50047.911,551257.24082,3716117.15914
49,13,IНДУСТРІАЛБАНК,607798.0545,8021.50405,0,36034.25084,136841.71222,-60520.95918,728174.56243,3683765.55621
50,14,"ПЛАТИНУМ БАНК",380567.201,0,0,-3432.30249000003,900.08757,0,378034.98608,3650509.97164
51,15,"УКРБІЗНЕСБАНК ",134160,11436.42887,0,28496.98725,34309.49892,48597.58842,257000.50346,3631602.73312
52,16,ЗЛАТОБАНК,262500,0,0,3944.42204,2377.25967,0,268821.68171,3592775.03324
53,17,"ТЕРРА БАНК",557141,0,0,1289.11918,6648.56652,1903.18628,566981.87198,3403246.0441
54,18,"УКРАЇНСЬКИЙ ПРОФЕСІЙНИЙ БАНК",500000,9539.7816,0,98128.32268,36472.13316,742.52222,644882.75966,3051072.19196
55,19,"АКТИВ - БАНК",312750,0,0,2173.98152,81194.286,166908.0746,563026.34212,2934345.90446
56,20,ДІАМАНТБАНК,210000,0,0,4609.19798000001,58048.34031,0,272657.53829,2883912.0381
57,21,"ЄВРОГАЗБАНК ",200000,0,0,1196.8694,6076.34327,0,207273.21267,2870087.32562
58,22,"БМ БАНК",419907.85,0,0,-180769.02107,5383.40697,8.58818,244530.82408,2851039.77247
,,,,,,,,,,
,,,,,,,,,,
,,,,,,,,,,
,,"Група IV ",,,,,,,,
59,1,"СЕБ БАНК",675688.819,1.86726,0,-417384.35499,0,270849.62707,529155.95834,3321093.16909
60,2,ФОЛЬКСБАНК,420000,42863.64134,0,-146468.4631,28757.45528,86815.03233,431967.66585,2979699.8884
61,3,ЕКСПРЕС-БАНК,248767.757,0,0,54393.18127,79332.28006,40442.52842,422935.74675,2760520.12521
62,4,"БАНК КІПРУ",700637.681,40.6982,0,-61399.03809,50703.04386,12865.49562,702847.88059,2682622.19292
63,5,"""КИЇВ""",3567544,846.7425,0,-3445427.60729,349571.94011,312172.8911,784707.96642,2535734.68574
64,6,"ДІВІ БАНК",125000,0,240000,1441.2599,0,0,366441.2599,2518010.90599
65,7,"ЕРДЕ БАНК",211941.11,0,0,22391.27074,2092.45993,0,236424.84067,2512029.08616
66,8,ТАСКОМБАНК,165000,0,0,22448.13148,521.36531,25737.27461,213706.7714,2466393.62702
67,9,"ПРОКРЕДИТ БАНК",298333.22448,777.80336,0,-68438.62419,0,35067.94171,265740.34536,2452600.14046
68,10,"БАНК HАЦІОНАЛЬНІ ІНВЕСТИЦІЇ",124500,0,0,4714.92736,41107.59868,-3340.6645,166981.86154,2348232.99278
69,11,КОНВЕРСБАНК,195890,0,0,1952.60719,2325.79755,6305.19507,206473.59981,2273049.12209
70,12,"БАНК ІНВЕСТИЦІЙ ТА ЗАОЩАДЖЕНЬ",250000,0,0,2404.56281,34151.23007,0,286555.79288,2257332.09972
71,13,"IНТЕГРАЛ - БАНК",160000,14.15,0,5558.02392000001,23089.63975,0,188661.81367,2174274.78597
72,14,"""ГЛОБУС""",160000,0,0,39764.39189,3842.82299,0,203607.21488,2151884.38925
73,15,ЕКСПОБАНК,304230.812,0,0,-159469.32898,9185.49477,93453.67867,247400.65646,2146046.42634
74,16,"ДОЙЧЕ БАНК ДБУ",228666.102,0,0,-43292.3049,0,398.93466,185772.73176,2140584.10661
75,17,ФОРТУНА-БАНК,190000,0,25000,722.038779999988,39665.09435,158742.99955,414130.13268,2137077.95538
76,18,ФІНБАНК,85050,43.584,50000,748.31649,13479.63884,36630.77753,185952.31686,2019117.05063
77,19,"ВСЕУКРАЇНСЬКИЙ БАНК РОЗВИТКУ",310000,0,0,23241.29929,1701.21313,0,334942.51242,1966317.78777
78,20,"БАНК ПЕРШИЙ",265000,0,0,2060.82976,13172.50994,16779.677,297013.0167,1899474.42303
79,21,"АСТРА БАНК",1050000,0,0,49968.67211,1741.48372,6307.33394,1108017.48977,1796986.40255
80,22,"МІСТО БАНК",299980,1056.3,0,-84313.52951,18355.59982,63466.193,298544.56331,1762489.05886
81,23,"БАНК КАМБІО",111467.42152,0,0,1054.03467,615.96988,34888.61077,148026.03684,1728583.51083
82,24,ЕНЕРГОБАНК,259163.34,0,0.085,-91956.506,28208.79236,25949.96487,221365.67623,1701685.16847
83,25,"МІЖНАРОДНИЙ ІНВЕСТИЦІЙНИЙ БАНК",90750,0,0,9808.43774,259.67926,492.62,101310.737,1623565.48676
84,26,"БАНК МЕРКУРІЙ",141500,0,0,6261.68182,10604.81598,60540.29505,218906.79285,1606224.71938
85,27,"БАНК ДЕМАРК",176000,393.43215,0,908.286840000001,31507.03316,5871.4682,214680.22035,1601985.4785
86,28,"""АРКАДА""",220445.042,13.40704,0,46295.71972,43891.59178,0,310645.76054,1581499.8175
87,29,"КРЕДИТ ЄВРОПА БАНК ",505000,0,0,2145.15071,44.55,15867.92887,523057.62958,1556763.89919
88,30,"БАНК РУСКИЙ СТАНДАРТ",133000,0,50000,-19851.16003,0,12.99033,163161.8303,1497056.59304
89,31,"ІДЕЯ БАНК",147000,0,0,6815.129,16917.40381,34572.66476,205305.19757,1451270.44333
90,32,"БАНК УКРАЇНСЬКИЙ КАПІТАЛ",85320,0,0,2998.17082,7887.7,36480.07325,132685.94407,1440630.55537
91,33,АВАНТ-БАНК,80000,0,0,722.181709999997,979.62114,9082.185,90783.98785,1433880.00723
92,34,АПЕКС-БАНК,190000,0,0,7311.16439,152.23642,623.87521,198087.27602,1427421.1028
93,35,ЄВРОБАНК,66670,0,30000,1045.44311,67.58044,-184.09144,97598.93211,1382226.67227
94,36,АКЦЕНТ-БАНК,125560,40.51219,0,26783.28267,29049.34903,3075.39987,184508.54376,1379513.37825
95,37,"""ДАНІЕЛЬ""",120412,0,0,37724.21149,5907.81374,0,164044.02523,1359408.27911
96,38,"БАНК ЗОЛОТІ ВОРОТА",129780,0,0,-39386.83413,2402.16823,14338.56089,107133.89499,1352861.14673
97,39,"ПОЛТАВА - БАНК",70500,60.31201,0,3726.03525,68351.95802,76659.4966,219297.80188,1235044.19569
98,40,"""КАПІТАЛ""",194078.895,1048.95,0,-11214.67549,6662.03153,363.33909,190938.54013,1177024.32107
99,41,"ЮНЕКС БАНК",292000,4160.86042,0,12760.43974,971.78657,32959.64986,342852.73659,1164123.20329
100,42,УКРГАЗПРОМБАНК,82800,5.056,0,5486.52651,60557.09559,9087.49566,157936.17376,1124321.79098
101,43,"БАНК НАЦІОНАЛЬНИЙ КРЕДИТ",88085,0,80007.819,-120582.35182,38602.30149,0,86112.76867,1112545.88378
102,44,"""ТК КРЕДИТ""",151828.75,5.4308,0,1207.71912,15363.74712,1399.53661,169805.18365,1080544.85917
103,45,"""УКРАЇНСЬКИЙ ФІНАНСОВИЙ СВІТ""",143000,0,0,11194.27,59348.06187,0,213542.33187,1061714.19206
104,46,"ПЕРШИЙ ІНВЕСТИЦІЙНИЙ БАНК",230000,17924.436,0,763.806429999997,3422.05418,47.1638399999999,252157.46045,1055561.15016
105,47,АВТОКРАЗБАНК,155000,1525.36079,0,-4292.42647,0,10763.75455,162996.68887,1044383.59778
106,48,"""БАЗИС""",127405.888,0.45636,0,-68107.42523,20954.04409,15566.47741,95819.44063,996702.10758
107,49,"БАНК ПЕТРОКОММЕРЦ-УКРАЇНА",319474.505,124.44962,0,-220395.37412,40389.20232,2654.25671,142247.03953,981634.11716
108,50,ФІНРОСТБАНК,85000,0,35000,2143.03984999999,7798.2799,89.64,130030.95975,958795.21865
109,51,КОМІНВЕСТБАНК,115000,0,0,133.796460000001,9599.51698,3667.63281,128400.94625,939573.71349
110,52,"""ПОРТО-ФРАНКО""",105553.56,0,0,2070.35586,7362.55579,145.2328,115131.70445,871774.65502
111,53,"ЄКАТЕРИНОСЛАВСЬКИЙ КОМЕРЦІЙНИЙ БАНК",247526.31,7000,0,83.8255,24611.1444,1327.16558,280548.44548,870437.38459
112,54,"""ЛЬВІВ""",217905.338,230.31264,0,-155861.21507,9936.31654,38136.6035,110347.35561,867663.48792
113,55,"РЕАЛ БАНК",100000,0,0,2021.70431,18955.45607,-2511.34025,118465.82013,837435.59302
114,56,"БАНК РИНКОВІ ТЕХНОЛОГІЇ",300000,0,0,716.46726,0,0,300716.46726,814016.13768
115,57,ЗАХІДІНКОМБАНК,174318.977,0,0,-95865.85121,138051.4338,17609.43967,234113.99926,787906.66002
116,58,МЕТАБАНК,34550.58,1611.7943,0,2045.69318,70074.36867,11964.38517,120246.82132,747188.17624
117,59,"""НОВИЙ""",150000,0,0,-63407.35919,2149.54318,2316.612,91058.79599,729793.68419
118,60,"БАНК КОНТРАКТ",86000,0,0,668.746090000001,10135.09769,23768.01567,120571.85945,713368.7787
119,61,"БАНК МОРСЬКИЙ",145962,12510.4031,0,-23961.10062,24.27588,16255.95563,150791.53399,652780.57547
120,62,"""ПРЕМIУМ""",260000,0,0,-7201.93487,7762.70691,0,260560.77204,646464.58386
121,63,"""АКСІОМА""",266000,0,0,869.32476,6607.66588,0,273476.99064,646300.17956
122,64,"ЧОРНОМОРСЬКИЙ БАНК РОЗВИТКУ ТА РЕКОНСТР.",54607,0,0,403.4074,8219.47338,24295.39522,87525.276,625784.09548
123,65,"РАДИКАЛ БАНК",120000,0,0,1674.06653,45.95473,66.91486,121786.93612,607690.06654
124,66,УНIКОМБАНК,460564.375,0,0,26094.92351,3754.26229,0,490413.5608,605037.04485
125,67,"БАНК ГРАНТ",80000,0,0,534.11731,17157.42628,35908.6812,133600.22479,590791.81912
126,68,"БАНК РЕНЕСАНС КАПІТАЛ",201400,0,0,46666.91869,3157.05005,0,251223.96874,580176.2933
127,69,"СТАРОКИЇВСЬКИЙ БАНК",33770.00055,0,0,324.835579999999,9464.35798,37386.66315,80945.85726,571346.17857
128,70,"АСВІО БАНК",104000,27.22845,0,1645.27715,18725.49425,0,124397.99985,553940.6118
129,71,АГРОКОМБАНК,93112,0.5,0,7507.73661,11447.50103,17953.49391,130021.23155,545565.00705
130,72,ПРОМЕКОНОМБАНК,92300,0.0005,0,-12507.27338,0,996.79463,80789.52175,536783.08884
131,73,УКРКОМУНБАНК,105800,0,0,18.54138,7911.07118,35584.60202,149314.21458,532216.09764
132,74,АКОРДБАНК,87425,0,0,1320.59933,1211.57937,-18.256,89938.9227,526409.36848
133,75,"БАНК БОГУСЛАВ",180000,0,0,6019.92237,4399.43109,444.16259,190863.51605,517087.61122
134,76,КЛАСИКБАНК,220000,0,0,9239.88101,4268.35477,0,233508.23578,515644.88603
135,77,ЄВРОПРОМБАНК,120000,0,0,2350.8367,2798.32611,0,125149.16281,499579.64442
136,78,IНВЕСТБАНК,68483.229,478.0626,0,7473.24653,12391.02571,7776.88453,96602.44837,474942.18282
137,79,"БАНК СІЧ",120000,0,0,191.4347,0,131.17,120322.6047,447032.58252
138,80,АРТЕМ-БАНК,86000,0,0,1915.32905,5662.11654,63.5,93640.94559,442555.92227
139,81,"БАНК ВОСТОК",307350,0,0,47905.93549,2215.83679,0,357471.77228,427251.141
140,82,РЕГІОН-БАНК,56481.279,11.70712,0,9894.14156,10719.51963,7102.06111,84208.70842,410402.44522
141,83,"ПРОФІН БАНК",96250,3.03579,66999.03,793.962429999996,12633.16418,6744.51361,183423.70601,408386.23787
142,84,ПОЛІКОМБАНК,49500.12,0,0,2342.46677,17563.8,37119.75044,106526.13721,399368.41916
143,85,"ДІАПАЗОН-МАКСИМУМ БАНК",110000,0,0,1247.14073,3422.48358,0,114669.62431,398560.57449
144,86,ЛЕГБАНК,111500,0,0,1389.07376,24998.20738,4170.28591,142057.56705,392238.27256
145,87,"""ТРАСТ-КАПІТАЛ""",53250,0,0,7918.95548,22160.62795,6216.07762,89545.66105,376482.8357
146,88,"КРЕДИТВЕСТ БАНК",88045.2,2902.36496,0,5786.72482,1858.89486,0,98593.18464,353059.74437
147,89,IНТЕРБАНК,36050,0,0,547.502950000002,32424.73601,-25383.89768,43638.34128,351984.22992
148,90,"БАНК ТРАСТ",69000,0,0,-3718.53913,315.12935,12476.92252,78073.51274,343668.62599
149,91,"""СТАНДАРТ""",85000,0,40000,1946.97522,54.26405,111.71819,127112.95746,332863.35986
150,92,ФІНЕКСБАНК,122474,0,0,-6142.6369,62.19026,0,116393.55336,322497.40056
151,93,ІНТЕРКРЕДИТБАНК,130000,0,0,128.68405,0,0,130128.68405,314715.61331
152,94,МОТОР-БАНК,120000,0,0,6055.64297,1220.02503,0,127275.668,304936.50566
153,95,"КРЕДИТ ОПТИМА БАНК",63000,0,0,955.2817,4411.20284,0,68366.48454,297376.58598
154,96,"""СТОЛИЧНИЙ""",87335,91.2874,34000,400.98122,2780.51832,4.71632,124612.50326,293472.83336
155,97,"""КОНКОРД""",108000,0,0,933.57755,5084.89811,0,114018.47566,282643.80922
156,98,"ОКСІ БАНК",120000,0,0,7894.39835,945.42528,0,128839.82363,272692.94034
157,99,"""УКООПСПІЛКА""",42626.32447,0.37087,0,-614.034020000001,8184.69455,57239.00835,107436.36422,259816.59734
158,100,"КОМЕРЦІЙНИЙ ІНДУСТРІАЛЬНИЙ БАНК",101276.684,0,3503.782,8915.88485,3059.15271,5834.47548,122589.97904,240389.83645
159,101,ПРАЙМ-БАНК,61100,3920,0,600.11794,13216.74819,10835.527,89672.39313,240089.62893
160,102,"""ЗЕМЕЛЬНИЙ КАПІТАЛ""",95220.5,0,0,90.7283400000006,5038.01136,7463.68092,107812.92062,231724.47264
161,103,"ПРОМИСЛОВО-ФІНАНСОВИЙ БАНК",106000,609,0,5197.25807,13778.52971,1344.04379,126928.83157,229627.00058
162,104,"ЄВРОПЕЙСЬКИЙ БАНК РАЦІОН.ФІНАНС.",153000,0,0,17672.18462,6933.9633,13394.3598,191000.50772,224323.33107
163,105,"""ЦЕНТР""",120000,0,0,721.06073,163.87383,0,120884.93456,222145.6902
164,106,"ГРІН БАНК",76650,6.88495,0,880.53795,11143.78201,0,88681.20491,220255.61207
165,107,"БАНК НАРОДНИЙ КАПІТАЛ",48855.59,0,31200,396.39874,3139.72655,0,83591.71529,189101.73287
166,108,РАДАБАНК,120000,0,0,2644.80987,15238.82498,1075.54468,138959.17953,183370.08322
167,109,УКРБУДІНВЕСТБАНК,91845.7,0,28150.34159,1388.40015,1544.89444,964.25,123893.58618,169410.96238
168,110,"БАНК ВЕЛЕС",105000,5247,0,925.45274,7346.57432,3536.04523,122055.07229,166184.90319
169,111,"БАНК ФАМІЛЬНИЙ",33586.96077,0,33013.09419,27.69319,3499.38717,10724.62048,80851.7558,164764.47702
170,112,"УКРАЇНСЬКИЙ БАНК РЕКОНСТР.ТА РОЗВ.",117999.5,0,0,-32296.05391,3886.02517,0,89589.47126,146376.76465
171,113,"БАНК АЛЬЯНС",64778.9,0,49000,29.3656000000001,7374.02078,0,121182.28638,142269.84067
172,114,"МЕЛІОР БАНК",120000,0,0,46.3514400000001,0,0,120046.35144,140193.62695
173,115,ТММ-БАНК,66000,5764.93,0,72.12831,20507.87345,0,92344.93176,133362.88524
174,116,"СХІДНО-ПРОМИСЛ. КОМЕРЦ. БАНК",49700,0,0,3167.70523,4771.24968,0,57638.95491,130245.46704
