"Власний капітал банків України",,,,,,,,,,
"за станом на 01.04.2013",,,,,,,,,,
,,,,,,,,,(тис.грн.),
"№ з/п","№ з/гр","Назва банку","Статутний капітал ","Емісійні різниці ","Незареєстровані внески до статутного капіталу","Нерозподілений прибуток (непокритий збиток)","Резервні та інші фонди банку","Резерви переоцінки","Усього власного капіталу ","Усього зобов'язань та власного капіталу"
,,,,,,,,,,
,,"Група I ",,,,,,,,
1,1,ПРИВАТБАНК,14897555.475,19708.978,0,2198696.99541,1250568.6093300001,592882.9143599999,18959412.9721,174929578.90942
2,2,УКРЕКСІМБАНК,16446817.65882,0,0,349827.92316,146232.67673,985440.34028,17928318.59899,89672119.5089
3,3,ОЩАДБАНК,14496000,0,1333632,1057760.7706199999,157187.31652,1231094.08971,18275674.17685,86226370.31483999
4,4,"РАЙФФАЙЗЕН БАНК АВАЛЬ",3002774.908,3033306.41984,0,-749776.45176,278625.33012,1182554.6756799999,6747484.88188,45976593.101550005
5,5,ПРОМІНВЕСТБАНК,5298714.52,18861.22881,0,-2344238.56869,0,2087496.9552799999,5060834.1354,40796441.53402
6,6,УКРСОЦБАНК,1814515.1668999998,1654428.91271,0,-23087.773110000002,2163895.42717,2073568.2506600001,7683319.98433,39420492.77374
7,7,"ДЕЛЬТА БАНК",2327000,0,0,195837.88285,567639.627,69413.3701,3159890.87995,34746029.24148
8,8,"ВТБ БАНК",5415784.405,0,0,-2087277.55169,0,152079.50187,3480586.35518,32118056.000019997
9,9,"ПЕРШИЙ УКР.МІЖНАРОДНИЙ БАНК",3294492.4,101659.63403,0,-435246.097030001,649551.2450400001,705819.99922,4316277.18126,30330462.591119997
10,10,"СБЕРБАНК РОСІЇ",3392460.5,270558,0,-933113.79431,364732.21877,140029.12594,3234666.0504,29520091.56169
11,11,АЛЬФА-БАНК,4639120.959,6.46353,0,-878277.52957,247335.34502,120673.70671,4128858.94469,27954062.85575
12,12,"""НАДРА""",3890362.66,638909.57829,0,-688653.03723,100.05398,189622.09672,4030341.35176,27905729.202710003
13,13,УКРСИББАНК,1774333.04,811259.8415999999,0,-7901563.32374,7940712.37354,7952.70269,2632694.63409,25874590.62751
14,14,"БАНК ФІНАНСИ ТА КРЕДИТ",2100000,0,200000,-248853.15215,0,33862.79986,2085009.6477100002,23784293.29307
15,15,"УКРГАЗБАНК ",10000000,135941.77628,0,-6050761.48133,10058.02125,142907.4792,4238145.7954,21224900.32678
,,,,,,,,,,
,,,,,,,,,,
,,,,,,,,,,
,,"Група II ",,,,,,,,
16,1,"ОТП БАНК",2868190.52175,2754.16982,0,51812.66487,288310.97797,0,3211068.3344099997,19983471.01339
17,2,БРОКБІЗНЕСБАНК,2524140,0,0,11597.026,57271.46508,328974.92334,2921983.41442,17401752.536
18,3,"ВIEЙБI БАНК",2348619.1330500003,430119.42807,200003.84274999998,-1659214.62186,16128.74352,64506.739870000005,1400163.2654,14098429.49564
19,4,"КРЕДІ АГРІКОЛЬ БАНК",1050000,0,172928.76,136096.60034,247893.97402,-2500.83162,1604418.50274,13309805.264
20,5,КРЕДИТПРОМБАНК,2635938.34,200462.08716,0,-928449.72558,0,29036.67759,1936987.3791699999,11025078.46014
21,6,"IHГ БАНК УКРАЇНА",731298.045,0,0,1034014.8221699999,366749.8615,0,2132062.72867,10738505.07684
22,7,"""ФІНАНСОВА ІНІЦІАТИВА""",1850000,0,0,1340.649,57818.6817,0,1909159.3307,10604471.917369999
23,8,"""ПІВДЕННИЙ""",956894,335564.02,0,100891.57824,127738.55687,124067.53271,1645155.6878199999,10461082.95967
24,9,IМЕКСБАНК,1140000,0,150000,5052.615580000001,85053.93628000001,3794.88199,1383901.4338500001,9640486.56247
25,10,"БАНК ФОРУМ",5934618.92,0,0,-4591934.40434,38637.5393,101665.29986,1482987.35482,9312470.59075
26,11,"РОДОВІД БАНК",12359298.999599999,535523.9759999999,0,-9929845.42724,573038.31859,78142.66636,3616158.5333100003,8876136.085509999
27,12,"""ХРЕЩАТИК""",828828,0,0,-207091.04157,51655.40444,35604.25703,708996.6199,8330859.341380001
28,13,"БАНК КРЕДИТ ДНІПРО",315000,0,0,2046.06837,188320.96365000002,95577.19731,600944.22933,7541516.8778
29,14,"УНІВЕРСАЛ БАНК",1162671.97,887485.30841,0,-1458657.9405099999,27985.60491,3115.18549,622600.1283000001,6727056.97308
30,15,"ЕРСТЕ БАНК",1380500,1130000,0,-1117593.92855,3528.68526,5051.98445,1401486.74116,6558583.25863
31,16,"БАНК КИЇВСЬКА РУСЬ ",416080,0,69000,-110994.57897,44003.899359999996,83990.45107000001,502079.77146,5767803.87121
32,17,"БТА БАНК  ",1500000,87158.60807,0,-100976.31788,33093.389299999995,24199.575119999998,1543475.2546100002,5694082.2351
33,18,ПРАВЕКС-БАНК,941920,786807.8904200001,0,-949496.52977,1332.10769,234287.63416000002,1014851.1025,5543558.41661
34,19,"УНIКРЕДИТ БАНК",653507.67,2018.1802200000002,0,174534.51441,155693.8805,202.06599,985956.31112,5001428.93669
35,20,"БАНК 3/4",267000,0,0,200438.04152,83799.19787999999,2415.34992,553652.5893199999,4750029.586089999
,,,,,,,,,,
,,,,,,,,,,
,,,,,,,,,,
,,"Група III ",,,,,,,,
36,1,"ПІВДЕНКОМБАНК ",300000,0,0,9569.14689,64144.99954999999,4931.93547,378646.08191,6075893.62891
37,2,ЗЛАТОБАНК,352500,0,0,3634.00248,2996.00481,0,359130.00729,6056306.911499999
38,3,"СІТІБАНК ",66500,253090.78194,0,628797.03389,95172.05081999999,31814.246010000003,1075374.11266,6002125.0542
39,4,ФІДОБАНК,675688.819,1.86726,520000,-322408.54207,293.54677000000004,285185.6368,1158761.32776,5565971.27034
40,5,УКРІНБАНК,305000,11.77563,0,1586.06368,29754.086730000003,240129.82159,576481.74763,5272317.6325
41,6,МЕГАБАНК,500000,138.44,0,2686.24412,103316.59949000001,50921.19319,657062.4768000001,4932418.37731
42,7,"ДІВІ БАНК",590000,0,0,5792.706520000001,35.30722,0,595828.01374,4846910.0867099995
43,8,"ВСЕУКРАЇНСЬКИЙ БАНК РОЗВИТКУ",310000,0,0,57071.84825,2726.5655,0,369798.41375,4740139.3848
44,9,"АКТАБАНК ",400000,12.19,0,9864.194940000001,7986.08605,0,417862.47099,4645785.391559999
45,10,"УКРБІЗНЕСБАНК ",234160,11436.42887,0,37102.84761,56297.98964,48085.79786,387083.06398000004,4619591.65812
46,11,"""СОЮЗ""",336000,0,0,3621.13791000002,4320.12526,-2208.70319,341732.55998,4436177.80557
47,12,КРЕДOБАНК,1918969.46916,38.053169999999994,0,-1504620.1772,40175.66687,166225.10590999998,620788.11791,4173367.59415
48,13,"МАРФІН БАНК ",435000.05,80211.7403,0,2049.33746999998,80232.07368,28325.83109,625819.0325399999,4021456.54867
49,14,АВАНТ-БАНК,320000,0,0,1387.8050800000099,1062.03306,651.39761,323101.23575,3827644.5189699996
50,15,ДІАМАНТБАНК,210000,0,0,3060.8922399999997,61739.42446,0,274800.3167,3703249.167
51,16,"ТЕРРА БАНК",557141,0,0,2615.63306,7133.64973,1859.41127,568749.69406,3652648.9466
52,17,"ПЛАТИНУМ БАНК",380567.201,0,0,36045.90124,1132.5122700000002,0,417745.61451,3632077.98596
53,18,"УКРАЇНСЬКИЙ ПРОФЕСІЙНИЙ БАНК",500000,9539.7816,0,55356.961740000006,41632.48629,608.4666100000001,607137.69624,3464882.2297
54,19,"""КЛІРИНГОВИЙ ДІМ""",439692.5,0,0,60856.36307,45350.295809999996,50515.806240000005,596414.9651200001,3460754.89942
55,20,"МІСЬКИЙ КОМЕРЦІЙНИЙ БАНК",195890,0,0,3786.01648,3949.98779,5888.41331,209514.41758,3445273.0065
56,21,IНДУСТРІАЛБАНК,607798.0545000001,8021.5040500000005,0,42987.58096,137686.22393,8610.127110000001,805103.49055,3234772.75517
57,22,"ПІРЕУС БАНК МКБ",1627792.22,0,0,-1043427.90543,41244.84597,19617.964,645227.12454,3111724.14115
58,23,"ЄВРОГАЗБАНК ",230000,0,39911,3225.10167,7121.53243,0,280257.6341,3024398.75636
59,24,"СВЕДБАНК  ",5440927.6620000005,0,799300,-5250302.738340001,235.77443,7592.74645,997753.44454,2860113.7129200003
,,,,,,,,,,
,,,,,,,,,,
,,,,,,,,,,
,,"Група IV ",,,,,,,,
60,1,"БАНК РУСКИЙ СТАНДАРТ",183000,0,100000,3044.49012,0,0,286044.49012,3221800.7130400003
61,2,"БАНК HАЦІОНАЛЬНІ ІНВЕСТИЦІЇ",161000,0,0,9421.31515,45154.30132,-326.90773,215248.70874,3011631.2698299997
62,3,"АКТИВ - БАНК",312750,0,0,149516.31366999997,82947.17797,132.04959,545345.54123,2974314.8518899996
63,4,ЕКСПРЕС-БАНК,248767.75699999998,0,0,77671.06882999999,80709.12061999999,40442.50053,447590.44698,2902508.4980699997
64,5,ТАСКОМБАНК,220000,11,0,88575.62928000001,1824.20855,25737.27461,336148.11244,2592759.3259300003
65,6,"БАНК КІПРУ",700643.6,40.6982,0,-26665.90578,50703.04386,11741.84009,736463.27637,2584284.63972
66,7,ФОРТУНА-БАНК,215000,0,0,10382.042500000001,39665.09435,158742.99955,423790.1364,2535996.99362
67,8,"ПРОКРЕДИТ БАНК",298333.22448000003,777.8033600000001,0,-14455.08066,0,-33.02038,284622.9268,2426275.38607
68,9,"БАНК ІНВЕСТИЦІЙ ТА ЗАОЩАДЖЕНЬ",250000,0,0,3024.6166200000002,34258.07494,0,287282.69156,2408643.71489
69,10,ФІНБАНК,135050,43.583999999999996,0,-11058.98395,13770.22573,37196.01177,175000.83755,2401316.8674600003
70,11,"БМ БАНК",579667.85,0,0,-334635.37584,5383.40697,3.48617,250419.3673,2391574.94613
71,12,"БАНК ПЕРШИЙ",265000,0,0,2899.3743099999997,13181.099460000001,17181.92413,298262.3979,2386372.71838
72,13,"ІДЕЯ БАНК",160000,17420,47970,33175.91572,23435.985819999998,34307.91452,316309.81606,2382316.0434000003
73,14,"""КИЇВ""",3567544,846.7425,0,-3471027.11627,366441.49019000004,311532.23263,775337.34905,2327472.5339800003
74,15,ФОЛЬКСБАНК,420000,42863.64134,0,-79240.38114,28757.45528,86116.56795,498497.28343,2182038.8679
75,16,ЕКСПОБАНК,404231.212,0,0,-189417.59128999998,9185.49477,93453.3763,317452.49178,2175496.38792
76,17,ЕНЕРГОБАНК,359037.175,32.5,0,-110033.50654,28208.79236,24701.715669999998,301946.67649000004,2134352.40491
77,18,АКЦЕНТ-БАНК,125560,40.51219,0,30822.32923,29098.56323,3075.39987,188596.80452,2041910.46347
78,19,"БАНК ДЕМАРК",176000,393.43215,0,949.899289999991,32150.85664,5871.4682,215365.65628,1978549.13445
79,20,"БАНК ВОСТОК",307350,0,0,55710.17036,2359.6612,0,365419.83155999996,1957897.98328
80,21,"БАНК КАМБІО",111467.42152,0,0,806.02863,663.04553,33435.73933,146372.23501,1873875.93847
81,22,"АСТРА БАНК",1050000,0,0,123411.82916,2883.72743,-2900.48922,1173395.06737,1851620.18108
82,23,"МІСТО БАНК",299980,1056.3,0,-42723.28669,18355.59982,63596.38553,340264.99866,1841575.3434600001
83,24,"ДОЙЧЕ БАНК ДБУ",228666.10199999998,0,0,-13456.78606,0,1218.67746,216427.99339999998,1775446.7416400001
84,25,"""АРКАДА""",220445.042,13.40704,0,48769.95343,43904.34255,0,313132.74502000003,1764554.2025
85,26,"БАНК МЕРКУРІЙ",141500,0,0,5720.09156,12206.87853,61941.81177,221368.78186000002,1716493.6697200001
86,27,"""КАПІТАЛ""",194078.895,1048.95,0,-9945.19212,6664.10404,363.33909,192210.09601,1636302.56109
87,28,ЄВРОБАНК,126670,0,0,1273.71967,74.79634,936.0431,128954.55910999999,1606965.59966
88,29,"БАНК НАЦІОНАЛЬНИЙ КРЕДИТ",113960.75,54132.069,0,-112493.00321,38602.301490000005,0,94202.11727999999,1601444.5737700001
89,30,ФІНРОСТБАНК,120000,0,0,2494.215,9607.15731,0,132101.37230999998,1520045.5020899998
90,31,"МІЖНАРОДНИЙ ІНВЕСТИЦІЙНИЙ БАНК",99825,0,0,12742.8545,605.28851,3.6157,113176.75871,1515601.8968200001
91,32,"""УКРАЇНСЬКИЙ ФІНАНСОВИЙ СВІТ""",143000,0,0,33599.3859,62317.37896,0,238916.76486,1511393.74228
92,33,"КРЕДИТ ЄВРОПА БАНК ",505000,0,0,76782.90168,522.65,-9381.94986,572923.6018200001,1507144.80228
93,34,"""ТК КРЕДИТ""",151828.75,5.4308000000000005,0,933.498300000004,16215.08677,18.873,169001.63887,1491804.91118
94,35,"ЮНЕКС БАНК",292000,4160.86042,0,12814.580189999999,1289.99055,32821.08618,343086.51734,1413962.1652000002
95,36,"БАНК ЗОЛОТІ ВОРОТА",169651.3,0,0,-37606.22634,2402.16823,14086.989730000001,148534.23162,1392013.19237
96,37,"БАНК ПЕТРОКОММЕРЦ-УКРАЇНА",319474.505,124.44962,0,-214074.91694,40389.202320000004,2738.15697,148651.39697,1352112.61
97,38,АВТОКРАЗБАНК,155000,1525.36079,0,-3724.97507,0,12259.61306,165059.99878,1333462.66509
98,39,"РЕАЛ БАНК",150000,80000,0,3176.56678,20308.4909,2108.26645,255593.32413000002,1315067.8756600001
99,40,"ПОЛТАВА - БАНК",70500,60.31201,0,22406.62295,63980.42417,80020.54222,236967.90135,1290240.33424
100,41,"IНТЕГРАЛ - БАНК",160000,14.15,0,3042.54334999999,27307.863179999997,0,190364.55653,1272455.36001
101,42,"""ГЛОБУС""",160000,0,0,55514.87388000001,4605.52685,0,220120.40073,1253212.1703299999
102,43,"""ДАНІЕЛЬ""",120412,0,0,695.320550000005,43469.43876999999,0,164576.75932,1222972.33268
103,44,УКРГАЗПРОМБАНК,82800,0,0,6955.35856,60578.488020000004,9051.58001,159385.42659000002,1151580.6469700001
104,45,"""ПРЕМIУМ""",260000,0,0,4734.64807,7762.706910000001,0,272497.35498,1052103.2304
105,46,"""ПОРТО-ФРАНКО""",120053.56,0,0,2913.56416,7513.574570000001,187.26386,130667.96259,1037992.9333200001
106,47,"""ЛЬВІВ""",237905.338,230.31264000000002,0,-153938.45002000002,9936.31654,38136.6035,132270.12066000002,968166.90275
107,48,"БАНК МОРСЬКИЙ",145962,12510.4031,0,-24064.66499,316.8184,16255.955629999999,150980.51214,941628.20865
108,49,"ПЕРШИЙ ІНВЕСТИЦІЙНИЙ БАНК",230000,17924.436,0,-335.59182999999797,3422.05418,-108.77355,250902.1248,936306.63026
109,50,"""ФІНАНСОВИЙ ПАРТНЕР""",125000,0,0,76.67913,0,0,125076.67913,894148.33493
110,51,"СЕБ КОРПОРАТИВНИЙ БАНК",250000,0,0,19514.6634,42.47,0,269557.1334,880238.8309599999
111,52,КОМІНВЕСТБАНК,115000,0,0,626.91431,9599.51698,3462.61081,128689.04209999999,867849.95998
112,53,КЛАСИКБАНК,220000,0,0,987.1493999999999,4268.35477,11019.27664,236274.78081,858718.7503699999
113,54,ПРОМЕКОНОМБАНК,122395,0.0005,0,-11803.356539999999,33.2515,691.84266,111316.73812,820211.09317
114,55,ЗАХІДІНКОМБАНК,174318.97699999998,0,0,-95735.19408,138097.6719,17609.69967,234291.15449,801020.78902
115,56,АКОРДБАНК,96400,0,0,2020.2740600000002,1211.57937,-30.8305,99601.02293,788481.7741
116,57,"БАНК РИНКОВІ ТЕХНОЛОГІЇ",300000,0,0,4398.49525,639.9074,0,305038.40265,770103.60432
117,58,МЕТАБАНК,75838.5231,1611.7942999999998,0,9437.78635,30278.924039999998,6432.28666,123599.31444999999,762736.33717
118,59,"РАДИКАЛ БАНК",120000,0,0,2138.2688399999997,72.64268,-1218.8718999999999,120992.03962,759328.2252
119,60,"БАНК ГРАНТ",120000,0,0,1189.78797,17603.93205,35638.09046,174431.81048,720003.41269
120,61,"""НОВИЙ""",150000,0,0,-55469.147999999994,2149.54318,2318.7457600000002,98999.14094,716951.0297900001
121,62,"ДІАПАЗОН-МАКСИМУМ БАНК",110000,0,21000,989.8055600000009,4544.92257,283.94319,136818.67132,712850.6198699999
122,63,"ЄКАТЕРИНОСЛАВСЬКИЙ КОМЕРЦІЙНИЙ БАНК",247526.31,7000,0,15245.526119999999,24670.50245,14.06055,294456.39912,664610.1496
123,64,"ЧОРНОМОРСЬКИЙ БАНК РОЗВИТКУ ТА РЕКОНСТР.",60407,0,0,786.049470000002,8523.30568,24295.39522,94011.75037,659245.46529
124,65,АПЕКС-БАНК,190000,0,0,7722.97257,805.8288,-6.218999999999999,198522.58237000002,647695.60788
125,66,ЄВРОПРОМБАНК,120000,0,0,2693.7734400000004,4569.79575,0,127263.56919,628987.61893
126,67,"БАНК КОНТРАКТ",86000,0,0,342.013819999998,10672.255679999998,23698.44367,120712.71317,608976.32421
127,68,"СТАРОКИЇВСЬКИЙ БАНК",51355.90047,0,0,2475.95696,9697.38815,37229.25518,100758.50076000001,608373.61526
128,69,"БАНК РЕНЕСАНС КАПІТАЛ",201400,0,0,65533.53473,4548.05005,0,271481.58478,580111.5588400001
129,70,"""СТАНДАРТ""",125000,0,0,2906.87393,91.44033999999999,160.81479000000002,128159.12905999999,578004.83091
130,71,АГРОКОМБАНК,102453.5,0.5,0,-806.49438,11578.16626,17324.2218,130549.89368,577277.17408
131,72,УКРКОМУНБАНК,105800,0,0,21.040699999999998,7926.38176,36765.89115,150513.31361,562135.61283
132,73,"БАНК УКРАЇНСЬКИЙ КАПІТАЛ",85320,0,0,31451.24207,7940,125.41,124836.65207,555901.5411200001
133,74,УНIКОМБАНК,460564.375,0,0,35691.7028,3920.74329,0,500176.82109,548139.04434
134,75,ЛЕГБАНК,111500,0,0,479.24096,26006.14779,6455.05941,144440.44816,536319.24265
135,76,"""АКСІОМА""",266000,0,0,2240.29648,7137.49403,0,275377.79051,513367.50857000006
136,77,"БАНК БОГУСЛАВ",180000,0,0,9314.6816,4640.7002,-638.24041,193317.14138999998,511708.85832
137,78,IНВЕСТБАНК,74129.6,0,0,7774.15988,13353.14271,7776.88453,103033.78712,478820.85203
138,79,IНТЕРБАНК,36050,0,0,333.481039999999,32927.038250000005,309.00471,69619.524,477178.81551
139,80,"БАНК ТРАСТ",69000,0,0,114.36567000000001,315.12935,12350.51559,81780.01061000001,462057.75455
140,81,"АСВІО БАНК",104000,27.228450000000002,0,2057.41255,20070.40722,0,126155.04822,461424.48668
141,82,"БАНК СОФІЙСЬКИЙ",120000,0,0,195.27721,0,0,120195.27721,441718.60074
142,83,"""СТОЛИЧНИЙ""",121335,91.2874,0,83.9460099999982,3494.34614,4.7163200000000005,125009.29587,436175.45887
143,84,ПОЛІКОМБАНК,49500.12,0,0,3566.08777,18817.472899999997,41372.97176,113256.65243,425124.64422
144,85,"КРЕДИТВЕСТ БАНК",88045.2,2902.36496,0,14738.90708,5386.714849999999,0,111073.18689,405512.80148
145,86,РЕГІОН-БАНК,56481.279,11.70712,0,8948.83275999999,12903.16621,7180.158289999999,85525.14338000001,400865.40669
146,87,"""ТРАСТ-КАПІТАЛ""",53250,0,0,8428.972419999998,22943.16812,6216.07762,90838.21815999999,397278.41486
147,88,ІНТЕРКРЕДИТБАНК,130000,0,0,68.71666,4.59699,0,130073.31364999998,375773.66888
148,89,"МЕЛІОР БАНК",190000,0,0,248.40094,0,0,190248.40094000002,366570.68465999997
149,90,"БАНК СІЧ",120000,0,0,1917.7799,3.05969,162.716,122083.55559,350838.30257
150,91,"ОКСІ БАНК",114695.625,0,0,4750.17582,5258.17505,0,124703.97587,341556.34789
151,92,ПРАЙМ-БАНК,61100,3920,0,3795.31618,13216.74819,10835.527,92867.59137,339828.66582000005
152,93,АРТЕМ-БАНК,86000,0,0,513.8569,8342.95862,212.1464,95068.96192,322501.29452
153,94,МОТОР-БАНК,120000,0,0,16619.08528,1789.4956900000002,328.52566,138737.10663,313124.83194999996
154,95,"""УКООПСПІЛКА""",72626.32447,0.37087,0,-2170.25472,8184.694549999999,57289.16398,135930.29915,289081.66481
155,96,ФІНЕКСБАНК,122474,0,0,-2679.02132,62.190259999999995,0,119857.16893999999,279394.81647
156,97,РАДАБАНК,120000,0,0,1438.12521,17424.62855,1056.48958,139919.24334000002,275599.85462999996
157,98,"ЄВРОПЕЙСЬКИЙ БАНК РАЦІОН.ФІНАНС.",153000,0,0,15718.77547,6933.9633,13394.3598,189047.09857,251762.5197
158,99,ТММ-БАНК,66000,5764.93,110000,-1027.39572,20794.95387,-289.27841,201243.20974,248232.01025
159,100,"ПРОМИСЛОВО-ФІНАНСОВИЙ БАНК",106000,609,0,8727.57596,13882.82989,0,129219.40584999998,221977.56379000001
160,101,"КОМЕРЦІЙНИЙ ІНДУСТРІАЛЬНИЙ БАНК",101276.68400000001,0,0,12362.53864,3266.74828,5834.47548,122740.4464,221229.54665
161,102,"""ЗЕМЕЛЬНИЙ КАПІТАЛ""",95220.5,0,0,94.57278,5113.92453,7463.68092,107892.67823,220777.30268
162,103,"КРЕДИТ ОПТИМА БАНК",63000,0,0,769.4230399999999,5219.85217,0,68989.27521,219636.26135000002
163,104,"БАНК НАРОДНИЙ КАПІТАЛ",80055.59,0,0,897.592529999999,3190.82512,0,84144.00765,216319.07878
164,105,"ПРОФІН БАНК",121442.09,5535.06579,0,-18907.05497,13361.35833,6889.022739999999,128320.48189,211355.20707
165,106,УКРБУДІНВЕСТБАНК,120004.636,0,0,2820.42691,1590.55518,11.6804,124427.29849,203517.29842
166,107,"ГРІН БАНК",76650,6.88495,0,269.628770000001,11901.00139,0,88827.51511,183196.97764
167,108,"""КОНКОРД""",120000,0,0,989.7159399999999,5722.89037,0,126712.60631,171648.48344
168,109,"БАНК ФАМІЛЬНИЙ",66600.05496,0,0,31.730149999999604,3517.7080100000003,14299.49397,84448.98709000001,171625.05211000002
169,110,"СХІДНО-ПРОМИСЛ. КОМЕРЦ. БАНК",95544,0,0,5992.42621,4860.5463,0,106396.97250999999,160647.11099
170,111,"БАНК ВЕЛЕС",105000,5247,0,202.53187,8256.923990000001,3536.04523,122242.50109,152174.35282
171,112,"БАНК АЛЬЯНС",64778.9,0,0,143.71096,7403.10523,0,72325.71618999999,148576.67038
172,113,"""ЦЕНТР""",120000,0,0,8691.77054,522.02727,0,129213.79780999999,145777.11173
173,114,"БАНК ЮНІСОН",123331,0,0,163.950079999999,0,-1264.69381,122230.25627,141573.73559000003
174,115,"УКРАЇНСЬКИЙ БАНК РЕКОНСТР.ТА РОЗВ.",117999.5,0,0,-40760.0487,3980.71961,0,81220.17090999999,132151.66051
175,116,"АЛЬПАРІ БАНК",122000,0,0,368.57237999999995,0,0,122368.57238,122368.57238
