,,,,,,,,Додаток,,
"Власний капітал банків України",,,,,,,,,,
"за станом на 01.07.2013",,,,,,,,,,
,,,,,,,,,(тис.грн.),
"№ з/п","№ з/гр","Назва банку","Статутний капітал ","Емісійні різниці ","Незареєстровані внески до статутного капіталу","Нерозподілений прибуток (непокритий збиток)","Резервні та інші фонди банку","Резерви переоцінки","Усього власного капіталу ","Усього зобов'язань та власного капіталу"
,,,,,,,,,,
,,"Група I ",,,,,,,,
1,1,ПРИВАТБАНК,14897555.475,19708.978,1454523.75,1426490.15137,1326566.56699,608701.40758,19733546.32894,190924453.93902
2,2,ОЩАДБАНК,15537900,0,291732,1015783.90106,157187.31652,1066783.46808,18069386.68566,95624095.6638
3,3,УКРЕКСІМБАНК,16446817.65882,0,0,354644.93436,146232.67673,1035897.84164,17983593.11155,91626500.48318
4,4,"ДЕЛЬТА БАНК",2327000,0,0,136462.25981,665497.18903,45660.88494,3174620.33378,47615665.55215
5,5,"РАЙФФАЙЗЕН БАНК АВАЛЬ",3002774.908,3033306.41984,0,-308375.72201,280317.65755,1029491.19891,7037514.46229,44929441.6331
6,6,УКРСОЦБАНК,1814515.1669,1654428.91271,0,-27318.00035,2171942.4685,2084353.17602,7697921.72378,38344796.9319
7,7,ПРОМІНВЕСТБАНК,5280919.31,18861.22881,2867600.47,-5018883.83553,0,2089967.72823,5238464.90151,37337175.09939
8,8,"СБЕРБАНК РОСІЇ",3392460.5,270558,0,-1212841.14912,768861.96664,159528.04858,3378567.3661,32721834.99536
9,9,"ПЕРШИЙ УКР.МІЖНАРОДНИЙ БАНК",3294492.4,101659.63403,0,-378787.19846,663481.09504,703699.08932,4384545.01993,32442086.39099
10,10,АЛЬФА-БАНК,4639120.959,6.46353,0,-907884.93734,280934.46662,171657.7299,4183834.68171,29633590.32376
11,11,"ВТБ БАНК",5415784.405,0,0,-1942844.19211,15791.05491,151984.86344,3640716.13124,29522755.43929
12,12,"""НАДРА""",3890362.66,638909.57829,0,-688210.64561,100.05398,189622.09672,4030783.74338,27859611.14459
13,13,УКРСИББАНК,1774333.04,811259.8416,0,18553.42136,33009.48551,7691.96679,2644847.75526,27374584.74052
14,14,"БАНК ФІНАНСИ ТА КРЕДИТ",2300000,0,0,-247950.72805,0,33745.14829,2085794.42024,23613922.44834
15,15,"УКРГАЗБАНК ",10000000,135941.77628,0,-6083988.81926,125616.25945,223572.35517,4401141.57164,20811879.12543
,,,,,,,,,,
,,,,,,,,,,
,,,,,,,,,,
,,"Група ІІ ",,,,,,,,
16,1,"ОТП БАНК",2868190.52175,2754.16982,0,11779.04452,358272.81876,0,3240996.55485,19919832.81371
17,2,БРОКБІЗНЕСБАНК,2524140,0,0,11735.8936000001,58711.6851,336962.109,2931549.6877,18055446.32256
18,3,"ВIEЙБI БАНК",2348619.13305,430119.42807,700000.009,-1658985.14851,16128.74352,64506.73987,1900388.905,16208905.35851
19,4,"КРЕДІ АГРІКОЛЬ БАНК",1222928.76,0,0,-10655.01583,261340.97402,-2231.96691,1471382.75128,12875723.10559
20,5,"""ПІВДЕННИЙ""",956894,335564.02,0,112328.1901,130516.09489,128419.31541,1663721.6204,10992088.10586
21,6,"""ФІНАНСОВА ІНІЦІАТИВА""",1850000,0,0,382.78137,58960.54449,0,1909343.32586,10463105.24746
22,7,"БАНК ФОРУМ",5934618.92,0,0,-4707452.63046,38637.5393,102339.53708,1368143.36592,10321129.43131
23,8,IМЕКСБАНК,1290000,0,0,6400.95655,88347.49056,3794.88199,1388543.3291,10024057.59599
24,9,"IHГ БАНК УКРАЇНА",731298.045,0,0,545778.01579,394955.38152,0,1672031.44231,9691199.38428
25,10,"РОДОВІД БАНК",12359298.9996,535523.976,0,-9897262.36982,573038.31859,124297.51749,3694896.44186,8967983.06309
26,11,"""ХРЕЩАТИК""",828828,0,0,-205799.10222,51655.40444,25972.59817,700656.90039,8355281.5392
27,12,"УНІВЕРСАЛ БАНК",1162671.97,887485.30841,0,-1457175.4945,27985.60491,-5272.91402,615694.4748,7569492.41022
28,13,"БАНК КРЕДИТ ДНІПРО",315000,0,0,805.77508,189967.64867,90873.45049,596646.87424,7080354.4608
29,14,КРЕДИТПРОМБАНК,2635938.34,200462.08716,0,-1259361.65126,0,-31665.49109,1545373.28481,6675769.13156
30,15,"БАНК КИЇВСЬКА РУСЬ ",416080,0,69000,-110718.37742,44054.75636,83990.45107,502406.83001,6657877.00611
31,16,"БАНК 3/4",350000,0,0,176563.90419,88163.58169,5397.9477,620125.43358,6447363.86528
32,17,ФІДОКОМБАНК,1380500,1130000,0,-1117176.38653,3528.68526,3309.60023,1400161.89896,6329679.99506
33,18,"БТА БАНК  ",1500000,3.275,0,24260.11744,0,29234.88217,1553498.27461,5701613.83472
34,19,"УНIКРЕДИТ БАНК",653507.67,2018.18022,0,222409.62279,160278.64635,32.04187,1038246.16123,5217412.59511
35,20,ПРАВЕКС-БАНК,949170,1521216.0085,0,-1669426.25322,1332.10769,236493.25709,1038785.12006,4992422.78635
,,,,,,,,,,
,,,,,,,,,,
,,,,,,,,,,
,,"Група ІІІ ",,,,,,,,
36,1,ЗЛАТОБАНК,352500,0,100000,3368.32938,3617.38204,0,459485.71142,6877634.99312
37,2,"ПІВДЕНКОМБАНК ",300000,0,0,3718.94474000001,71951.20418,8434.4231,384104.57202,6492319.94086
38,3,ФІДОБАНК,675688.819,1.86726,520000,-323987.8671,4859.69034,278319.60399,1154882.11349,6477205.42026
39,4,"СІТІБАНК ",66500,253090.78194,0,704561.37827,119333.68255,29424.64662,1172910.48938,6154652.93774
40,5,УКРІНБАНК,305000,11.77563,0,2065.19413999998,30281.03278,240129.82159,577487.82414,5615173.83749
41,6,МЕГАБАНК,500000,138.44,0,5505.34632999997,105321.44614,50989.92504,661955.15751,5101959.07782
42,7,"УКРБІЗНЕСБАНК ",284160,11436.42887,0,20932.42576,82459.12123,47574.09786,446562.07372,4874817.09521
43,8,"ВСЕУКРАЇНСЬКИЙ БАНК РОЗВИТКУ",310000,0,412000,61964.9189,2726.5655,0,786691.4844,4846731.82882
44,9,"""СОЮЗ""",336000,0,0,1774.29589999997,7171.13554,-2089.98667,342855.44477,4823235.58373
45,10,"ДІВІ БАНК",590000,0,0,7437.83711,234.79935,0,597672.63646,4815945.94591
46,11,"ТЕРРА БАНК",557141,0,0,2389.41384,7724.09638,2303.05447,569557.56469,4722948.48195
47,12,"ПЛАТИНУМ БАНК",380567.201,0,0,12112.95582,9092.16107,0,401772.31789,4446237.46932
48,13,"АКТАБАНК ",400000,12.19,0,141.18245,17746.32157,0,417899.69402,4377800.36728
49,14,КРЕДOБАНК,1918969.46916,38.05317,0,-1548257.0208,40175.66687,161179.58238,572105.75078,4160028.99677
50,15,АВАНТ-БАНК,320000,0,0,1374.18866000001,1099.82078,1678.43329,324152.44273,3636167.72903
51,16,"МІСЬКИЙ КОМЕРЦІЙНИЙ БАНК ",195890,0,0,23437.72074,7200.7695,6812.11096,233340.6012,3556719.41473
52,17,"УКРАЇНСЬКИЙ ПРОФЕСІЙНИЙ БАНК",500000,9539.7816,0,67207.09971,46651.94564,5612.90202,629011.72897,3515758.69626
53,18,ДІАМАНТБАНК,210000,0,0,650.80204000001,64627.48736,0,275278.2894,3496825.68515
54,19,"""КЛІРИНГОВИЙ ДІМ""",439692.5,0,0,35880.54952,83345.82504,50428.44781,609347.32237,3447498.58678
55,20,IНДУСТРІАЛБАНК,607798.0545,8021.50405,0,52429.05821,138889.7472,4129.12049,811267.48445,3292259.62882
56,21,"ЄВРОГАЗБАНК ",270000,0,0,958.05975,9763.29137,0,280721.35112,3254898.56061
57,22,"ПІРЕУС БАНК МКБ",1627792.22,0,0,-1140381.63432,50284.77957,18603.36363,556298.72888,3067377.70171
58,23,"МАРФІН БАНК ",435000.05,80211.7403,0,1288.96924999999,81381.45029,28533.70717,626415.91701,2931684.58436
59,24,"ОМЕГА БАНК",5440927.662,0,310000,-5611304.47599,749.99187,61.54373,140434.721609999,1479599.23506
,,,,,,,,,,
,,,,,,,,,,
,,,,,,,,,,
,,"Група ІV ",,,,,,,,
60,1,"БАНК РУСКИЙ СТАНДАРТ",183000,0,100000,5282.3946,0,0,288282.3946,3616325.10289
61,2,"АКТИВ - БАНК",312750,0,0,125466.95345,107245.48788,64.80557,545527.2469,3180741.43237
62,3,ЕКСПОБАНК,404231.212,0,0,-188550.71448,9185.49477,93453.3763,318319.36859,3074363.80634
63,4,"БАНК HАЦІОНАЛЬНІ ІНВЕСТИЦІЇ",161000,0,0,3766.54577,52783.25818,-191.03802,217358.76593,2809618.11825
64,5,ТАСКОМБАНК,220000,11,0,88984.79783,3372.75644,24736.91991,337105.47418,2638319.872
65,6,"БМ БАНК",579667.85,0,196729.5,-382661.37265,5383.40697,-1.53622,399117.8481,2618287.46417
66,7,"БАНК КІПРУ",700643.6,40.6982,0,-28448.2999400001,52737.5534,11741.84009,736715.39175,2590207.91849
67,8,ФОРТУНА-БАНК,215000,0,0,9903.86316000001,43900.703,158742.99955,427547.56571,2541497.48058
68,9,ЕКСПРЕС-БАНК,248767.757,0,0,74803.27969,82976.06243,40442.50053,446989.59965,2508196.12748
69,10,"БАНК ІНВЕСТИЦІЙ ТА ЗАОЩАДЖЕНЬ",250000,0,0,994.01778,34388.24098,0,285382.25876,2416827.76799
70,11,"ПРОКРЕДИТ БАНК",298333.22448,777.80336,0,-913.461790000001,0,0,298197.56605,2412564.50082
71,12,"ІДЕЯ БАНК",160000,17420,47970,2792.67152000003,55543.57579,34307.91452,318034.16183,2405438.07992
72,13,ФІНБАНК,135050,43.584,0,-10770.85334,13770.22573,36996.03089,175088.98728,2366195.10911
73,14,"""КИЇВ""",3567544,846.7425,0,-3479061.69303,370413.39793,309280.76391,769023.21131,2300098.6901
74,15,ФОЛЬКСБАНК,420000,42863.64134,0,-70086.07747,28757.45528,86112.17741,507647.19656,2264770.83563
75,16,"БАНК ПЕРШИЙ",265000,0,0,444.82758,15811.4973,18544.41776,299800.74264,2229873.58733
76,17,ЕНЕРГОБАНК,359037.175,32.5,0,-109748.60431,28208.79236,24555.99817,302085.86122,2183105.75408
77,18,"БАНК ВОСТОК",307350,0,0,56870.54962,2702.69513,0,366923.24475,2137851.10864
78,19,"БАНК ДЕМАРК",176000,393.43215,0,703.898849999998,32851.21381,5871.4682,215820.01301,2087104.10719
79,20,АКЦЕНТ-БАНК,125560,40.51219,0,30496.19863,30601.97139,5110.86959,191809.5518,2059672.6689
80,21,"БАНК КАМБІО",111467.42152,0,62960.90104,299.019079999998,695.97429,32555.49872,207978.81465,1958323.60549
81,22,"БАНК НАЦІОНАЛЬНИЙ КРЕДИТ",113960.75,54132.069,0,-112873.83452,39232.63205,0,94451.61653,1885712.44574
82,23,"АСТРА БАНК",1050000,0,0,120027.41214,6810.04954,-173.52864,1176663.93304,1850574.6155
83,24,"""АРКАДА""",220445.042,13.40704,0,47483.31085,46154.80638,0,314096.56627,1822151.28807
84,25,"ДОЙЧЕ БАНК ДБУ",228666.102,0,0,-9512.8797,3681.73181,4751.93173,227586.88584,1815152.8793
85,26,"БАНК МЕРКУРІЙ",141500,0,6,5176.67150999999,13224.0792,61941.81177,221848.56248,1788072.09613
86,27,"ЮНЕКС БАНК",292000,4160.86042,0,14222.90052,1304.99323,32581.95241,344270.70658,1786849.96279
87,28,"КРЕДИТ ЄВРОПА БАНК ",505000,0,0,113336.50085,569.04603,-5022.04275,613883.50413,1767755.72501
88,29,"""КАПІТАЛ""",194078.895,1048.95,0,-9702.75323,6718.33504,363.33909,192506.7659,1737187.80045
89,30,"""ТК КРЕДИТ""",151828.75,5.4308,0,1157.64981,17236.89205,18.873,170247.59566,1630573.05978
90,31,ЄВРОБАНК,126670,0,0,1325.74587,81.87849,1790.93825,129868.56261,1616291.22921
91,32,ФІНРОСТБАНК,120000,0,0,1104.34122,11621.75639,0,132726.09761,1548668.69384
92,33,"МІСТО БАНК",299980,1056.3,0,-39228.43086,31056.96976,63596.38553,356461.22443,1547132.10054
93,34,"БАНК ЗОЛОТІ ВОРОТА",169651.3,0,0,-37073.31843,2483.54119,14086.98981,149148.51257,1540231.14727
94,35,"IНТЕГРАЛ - БАНК",160000,14.15,0,1009.82934000003,29678.2828,0,190702.26214,1517558.36704
95,36,"РЕАЛ БАНК",150000,80000,0,1378.50633999999,22676.11519,2108.26645,256162.88798,1515650.76192
96,37,"МІЖНАРОДНИЙ ІНВЕСТИЦІЙНИЙ БАНК",110079.75,0,0,5241.4398,1147.98002,3.6157,116472.78552,1480333.22152
97,38,"БАНК ПЕТРОКОММЕРЦ-УКРАЇНА",319474.505,124.44962,0,-212407.23902,42727.20232,3026.71618,152945.6341,1429442.04329
98,39,АВТОКРАЗБАНК,155000,1525.36079,16000,-2398.93134,23.27552,12259.61306,182409.31803,1425572.12651
99,40,"""УКРАЇНСЬКИЙ ФІНАНСОВИЙ СВІТ""",143000,0,0,27317.77068,62317.37896,0,232635.14964,1372412.38638
100,41,"""ГЛОБУС""",160000,0,0,56923.54957,5555.77752,0,222479.32709,1364812.30977
101,42,УКРГАЗПРОМБАНК,82800,0,41400,7179.7971,19256.30856,9046.02214,159682.1278,1269889.89384
102,43,"ПОЛТАВА - БАНК",70500,60.31201,0,11533.31885,81588.62477,80020.54222,243702.79785,1265761.06263
103,44,"""ДАНІЕЛЬ""",120412,0,0,319.457450000002,44067.27073,0,164798.72818,1191346.68699
104,45,"""ПОРТО-ФРАНКО""",120053.56,0,0,3582.82723,7884.63599,90.23338,131611.2566,1093977.39078
105,46,"""ПРЕМIУМ""",260000,0,0,6218.143,7894.98427,0,274113.12727,1057903.6794
106,47,"""ФІНАНСОВИЙ ПАРТНЕР""",125000,0,0,155.93074,0,0,125155.93074,1046384.45069
107,48,"ПЕРШИЙ ІНВЕСТИЦІЙНИЙ БАНК",230000,17924.436,0,2939.67550000001,4243.30809,231.61237,255339.03196,1024854.89439
108,49,"БАНК МОРСЬКИЙ",145962,12510.4031,0,-24140.91652,629.32918,16255.95563,151216.77139,978655.85502
109,50,"""ЛЬВІВ""",237905.338,230.31264,7500,-153656.30465,9936.31654,38136.6035,140052.26603,974648.05631
110,51,"РАДИКАЛ БАНК",120000,0,0,2541.5955,109.4055,-513.59887,122137.40213,970890.61407
111,52,КОМІНВЕСТБАНК,115000,0,0,185.828869999998,10118.1768,3462.61081,128766.61648,918942.58411
112,53,ПРОМЕКОНОМБАНК,122395,0.0005,0,-11604.45325,33.2515,996.79463,111820.59338,891830.31165
113,54,АПЕКС-БАНК,190000,0,0,5210.95565,1132.68111,-6.219,196337.41776,833920.53457
114,55,КЛАСИКБАНК,220000,0,0,588.26824,4726.55678,12836.28395,238151.10897,808331.10027
115,56,ЗАХІДІНКОМБАНК,174318.977,0,0,-95722.3404,138097.6719,17609.69967,234304.00817,807912.40025
116,57,МЕТАБАНК,107348.65206,1611.7943,0,2261.16194000001,7312.37883,6426.39081,124960.37794,769540.18481
117,58,УНIКОМБАНК,460564.375,0,0,31891.86084,3982.42607,0,496438.66191,724882.79307
118,59,"СЕБ КОРПОРАТИВНИЙ БАНК",250000,0,0,17296.59667,700.08552,-190.64184,267806.04035,721750.81143
119,60,"БАНК ГРАНТ",120000,0,0,752.51856,18626.26416,35287.977,174666.75972,720928.87103
120,61,ЄВРОПРОМБАНК,120000,0,0,1269.70998,6648.74588,0,127918.45586,714220.98936
121,62,"БАНК КОНТРАКТ",86000,0,0,134.985760000003,10990.6307,23698.44367,120824.06013,712588.39767
122,63,"ЄКАТЕРИНОСЛАВСЬКИЙ КОМЕРЦІЙНИЙ БАНК",247526.31,7000,0,15811.77969,26477.56653,14.06055,296829.71677,694774.09541
123,64,АКОРДБАНК,91753,0,0,2465.43846999999,1243.64218,-88.1986,95373.88205,668758.81188
124,65,"ЧОРНОМОРСЬКИЙ БАНК РОЗВИТКУ ТА РЕКОНСТР.",60023,0,0,545.5481,8869.64047,24295.39522,93733.58379,644334.84967
125,66,АГРОКОМБАНК,102453.5,0.5,0,1155.16636,9812.91612,17902.70876,131324.79124,635544.14092
126,67,"БАНК РЕНЕСАНС КАПІТАЛ",201400,0,0,82903.19314,5214.05005,0,289517.24319,631730.9649
127,68,"СТАРОКИЇВСЬКИЙ БАНК",51355.90047,0,0,684.892549999997,11540.74757,37217.91803,100799.45862,631218.30008
128,69,"""НОВИЙ""",150000,0,0,-59283.37073,0,2318.54796,93035.17723,628176.80637
129,70,"""АКСІОМА""",266000,0,0,856.601600000002,8696.05531,0,275552.65691,595816.21218
130,71,"БАНК РИНКОВІ ТЕХНОЛОГІЇ",300000,0,0,5502.61157000001,1482.58251,0,306985.19408,578570.71505
131,72,"БАНК ЮНІСОН",123331,0,157462.1,161.538819999998,0,-74.46692,280880.1719,554159.89394
132,73,УКРКОМУНБАНК,105800,0,0,5.19609,7943.32979,36765.89115,150514.41703,553474.62986
133,74,"БАНК БОГУСЛАВ",180000,0,0,6634.01704,5630.32502,-962.92293,191301.41913,548576.84268
134,75,"БАНК УКРАЇНСЬКИЙ КАПІТАЛ",85320,0,0,32797.95417,7940,125.41,126183.36417,543416.50738
135,76,"""СТАНДАРТ""",125000,0,0,2894.34432,149.04935,-94.31025,127949.08342,540292.82259
136,77,"ДІАПАЗОН-МАКСИМУМ БАНК",131000,0,0,865.151829999999,5218.49616,406.3404,137489.98839,533042.62226
137,78,ЛЕГБАНК,111500,0,0,457.536210000006,26237.38378,6732.67086,144927.59085,531032.78668
138,79,ПОЛІКОМБАНК,49500.12,0,0,2413.5955,18949.52806,41372.97176,112236.21532,525180.07087
139,80,"АСВІО БАНК",104000,27.22845,0,2180.0524,20156.29879,0,126363.57964,481102.93726
140,81,"БАНК СОФІЙСЬКИЙ",120000,0,0,178.52323,104.37351,0,120282.89674,474772.86405
141,82,IНТЕРБАНК,36050,0,0,320.424159999999,33145.34424,309.00471,69824.77311,473113.48076
142,83,"""СТОЛИЧНИЙ""",121335,91.2874,0,204.471710000005,3494.34614,4.71632,125129.82157,471298.83403
143,84,IНВЕСТБАНК,74129.6,0,0,8743.32129,13657.22171,7776.88453,104307.02753,464027.953
144,85,"БАНК ТРАСТ",69000,0,0,20.41284,426.07616,12350.51559,81797.00459,461249.30699
145,86,"БАНК СІЧ",120000,0,0,2231.21079,79.47719,-328.71,121981.97798,460080.49418
146,87,"""ТРАСТ-КАПІТАЛ""",53250,0,0,8570.90514,23001.76818,6226.09468,91048.768,443282.39105
147,88,ІНТЕРКРЕДИТБАНК,130000,0,0,78.47771,30.93102,0,130109.40873,435466.14011
148,89,"КРЕДИТВЕСТ БАНК",88045.2,2902.36496,0,8152.22726,16626.40074,0,115726.19296,429680.0405
149,90,ПРАЙМ-БАНК,61100,3920,0,1931.17114,16108.96952,10835.527,93895.66766,409337.19637
150,91,РЕГІОН-БАНК,56481.279,11.70712,0,7931.00069,14253.36034,7180.15829,85857.50544,399798.00461
151,92,"ОКСІ БАНК",117200,0,0,4780.00722,5339.01242,0,127319.01964,371752.57509
152,93,"МЕЛІОР БАНК",190000,0,0,55.6822700000048,228.97758,0,190284.65985,361746.16783
153,94,АРТЕМ-БАНК,86000,0,0,612.165089999999,8342.95862,212.1464,95167.27011,353650.84227
154,95,"ГРІН БАНК",76650,6.88495,0,3549.13324,12048.32909,0,92254.34728,346037.14278
155,96,МОТОР-БАНК,120000,0,0,583.1289,2546.43889,281.55527,123411.12306,331949.72788
156,97,"ЄВРОПЕЙСЬКИЙ БАНК РАЦІОН.ФІНАНС.",153000,0,0,15856.71294,7743.76974,13394.3598,189994.84248,326022.61826
157,98,РАДАБАНК,120000,0,0,1358.80506,17634.62855,1067.80517,140061.23878,276559.46742
158,99,ФІНЕКСБАНК,122474,0,0,-2522.13125,0,0,119951.86875,269727.43531
159,100,УКРБУДІНВЕСТБАНК,120004.636,0,0,3224.59834,1660.47549,29.7255,124919.43533,265709.55745
160,101,"""УКООПСПІЛКА""",72626.32447,0.37087,0,-2462.69326,8188.43362,57289.16398,135641.59968,263442.29333
161,102,"БАНК НАРОДНИЙ КАПІТАЛ",80055.59,0,0,1471.33128,3280.73223,0,84807.65351,259520.38877
162,103,"КРЕДИТ ОПТИМА БАНК",63000,0,0,273.92948,5465.79469,0,68739.72417,220839.89958
163,104,"""ЗЕМЕЛЬНИЙ КАПІТАЛ""",95220.5,0,0,33.0172900000016,5192.69376,7463.68092,107909.89197,218637.18437
164,105,"ПРОМИСЛОВО-ФІНАНСОВИЙ БАНК",106000,609,7208,2658.07527,14039.72345,0,130514.79872,217136.35854
165,106,"ПРОФІН БАНК",121442.09,5535.06579,0,-19754.54961,13361.35833,6890.64406,127474.60857,210352.67221
166,107,"ФІНАНС БАНК",176000,5764.93,0,-960.83404,20794.95387,-496.05006,201102.99977,209514.11677
167,108,"КОМЕРЦІЙНИЙ ІНДУСТРІАЛЬНИЙ БАНК",112417.11924,0,0,1020.75829,3374.50676,5834.47548,122646.85977,197038.48284
168,109,"БАНК ФАМІЛЬНИЙ",66600.05496,0,0,11.2028099999989,3545.09393,14299.49397,84455.84567,175392.50872
169,110,"""КОНКОРД""",120000,0,10000,778.00549,6510.38107,0,137288.38656,170455.72423
170,111,"СХІДНО-ПРОМИСЛ. КОМЕРЦ. БАНК",95544,0,0,6315.17521,4999.43961,0,106858.61482,165364.38636
171,112,"БАНК ВЕЛЕС",105000,5247,0,10426.82582,8296.5335,3064.94652,132035.30584,159131.74989
172,113,"""ЦЕНТР""",120000,0,0,8109.59077,872.02727,0,128981.61804,151126.58138
173,114,"БАНК АЛЬЯНС",64778.9,0,0,185.015820000001,7430.21367,0,72394.12949,148854.97035
174,115,"УКРАЇНСЬКИЙ БАНК РЕКОНСТР.ТА РОЗВ.",117999.5,0,0,-40787.85628,3980.71961,0,81192.36333,122451.17503
175,116,"АЛЬПАРІ БАНК",122000,0,0,407.65307,0,0,122407.65307,122440.88431
176,117,"БАНК МИХАЙЛІВСЬКИЙ",121000,0,0,-1476.41636,0,0,119523.58364,119531.17925
