"Власний капітал банків України",,,,,,,,,,
"за станом на 01.07.2014",,,,,,,,,,
,,,,,,,,,(тис.грн.),
"№ з/п","№ з/гр","Назва банку","Статутний капітал ","Емісійні різниці ","Незареєстровані внески до статутного капіталу","Нерозподілений прибуток (непокритий збиток)","Резервні та інші фонди банку","Резерви переоцінки","Усього власного капіталу ","Усього зобов'язань та власного капіталу"
,,,,,,,,,,
,,"Група І  ",,,,,,,,
1,1,ПРИВАТБАНК,16352079.225,19708.978,1748660.775,465633.747680001,1429529.76495,839193.07781,20854805.56844,204199603.313
2,2,ОЩАДБАНК,17229576,0,0,1528104.92838,157187.31652,1483235.03676,20398103.28166,115648138.281
3,3,УКРЕКСІМБАНК,16514051.42571,0,174990.43233,256793.62348,151203.35411,1058561.31928,18155600.15491,111134225.35485
4,4,"ДЕЛЬТА БАНК",2327000,0,1400000,192862.885049999,975715.47009,20741.91749,4916320.27263,61476717.34092
5,5,ПРОМІНВЕСТБАНК,8217092.41,5300,0,-4036492.11363,0,2082071.24816,6267971.54453,51299830.54129
6,6,УКРСОЦБАНК,2456936.8907,1647556.61621,0,251711.61537,2332221.11485,1929024.26551,8617450.50264,46444199.10461
7,7,"РАЙФФАЙЗЕН БАНК АВАЛЬ",3002774.908,3033306.41984,0,-1972366.96298,316915.6489,1937084.53414,6317714.5479,44412554.80179
8,8,"СБЕРБАНК РОСІЇ",3392460.5,270558,0,-818936.04513,797501.37135,180305.80637,3821889.63259,41650361.4157
9,9,"""НАДРА""",3890362.66,638909.57829,0,-683820.00609,319.70209,188567.39286,4034339.32715,37108732.3189
10,10,"ПЕРШИЙ УКР.МІЖНАРОДНИЙ БАНК",3294492.4,101659.63403,0,83718.53195,688968.35032,683787.02046,4852625.93676,35798386.52127
11,11,АЛЬФА-БАНК,4639120.959,6.46353,0,-912811.123389999,294047.61085,179498.97668,4199862.88667,35259537.33837
12,12,"ВТБ БАНК",5415784.405,0,0,-1300110.97797,0,142270.5764,4257944.00343,31359037.8283
13,13,"БАНК ФІНАНСИ ТА КРЕДИТ",2300000,0,500000,-295347.00235,0,37526.91058,2542179.90823,29909395.78095
14,14,УКРСИББАНК,1774333.04,811259.8416,0,-437475.49868,57985.49141,10908.39413,2217011.26846,24021006.70811
15,15,"УКРГАЗБАНК ",9481560.695,135941.77628,0,-5639600.43811,226151.39745,225503.78205,4429557.21267,22884150.84494
,,,,,,,,,,
,,,,,,,,,,
,,,,,,,,,,
,,"Група ІI ",,,,,,,,
16,1,"ВIEЙБI БАНК",3048619.14205,430119.42807,1000000.0007,-1657296.34862,16221.55535,85358.20276,2923021.98031,23543177.22383
17,2,"ОТП БАНК",2868190.52175,2754.16982,0,-995311.14768,512356.06457,2605.76202,2390595.37048,21141532.68723
18,3,"""ФІНАНСОВА ІНІЦІАТИВА""",2000000,0,280000,374.44043,60107.54217,0,2340481.9826,18184849.99567
19,4,"КРЕДІ АГРІКОЛЬ БАНК",1222928.76,0,0,291333.81634,281840.97402,0,1796103.55036,17909170.46916
20,5,"""ПІВДЕННИЙ""",956894,335564.02,0,173690.56367,133342.09489,124248.65731,1723739.33587,13444966.60424
21,6,ФІДОБАНК,2316188.819,1390001.86726,0,-1511761.79072,9699.56875,333013.10904,2537141.57333,11810186.31124
22,7,IМЕКСБАНК,1440000,0,0,10186.83873,108701.23794,3794.88199,1562682.95866,11539288.18448
23,8,"IHГ БАНК УКРАЇНА",731298.045,0,0,873193.52724,398762.38152,0,2003253.95376,11309357.25376
24,9,"""ХРЕЩАТИК""",828828,0,0,-271585.64063,52055.40444,22246.80293,631544.56674,8909243.5517
25,10,"БАНК КИЇВСЬКА РУСЬ ",516080,0,53000,-122681.22126,48075.6352,87510.59516,581985.0091,8657154.3914
26,11,"РОДОВІД БАНК",12359298.9996,535523.976,0,-10210258.23581,573038.31859,96554.75157,3354157.80995,8642367.82955
27,12,ЗЛАТОБАНК,452500,0,80000,6917.64209,4508.99708,654.94598,544581.58515,7909409.32243
28,13,"БАНК КРЕДИТ ДНІПРО",315000,0,144346.15077,-55533.20704,189967.64867,95993.20325,689773.79565,6786084.32261
29,14,УКРІНБАНК,405000,11.77563,0,17500.46998,30281.03278,229383.70897,682176.98736,6676569.88213
30,15,"УНІВЕРСАЛ БАНК",1162671.97,887485.30841,0,-1564595.05165,0,-69.44937,485492.77739,6524674.55637
31,16,"ВСЕУКРАЇНСЬКИЙ БАНК РОЗВИТКУ",722000,0,0,83843.0916200001,5968.65071,0,811811.74233,5813639.66277
32,17,"ПІВДЕНКОМБАНК ",550000,0,0,-880227.47138,71951.20418,10177.84185,-248098.42535,5000858.48248
33,18,"БТА БАНК  ",1500000,3.275,0,1451.30266,27647.76663,44507.26999,1573609.61428,3146549.36326
,,,,,,,,,,
,,,,,,,,,,
,,,,,,,,,,
,,"Група ІIІ  ",,,,,,,,
34,1,"СІТІБАНК ",66500,253090.78194,0,803624.8132,143557.24537,-15035.90741,1251736.9331,6505810.22394
35,2,МЕГАБАНК,500000,138.44,0,17245.59098,125416.87091,51679.71685,694480.61874,6041094.45235
36,3,"ПЛАТИНУМ БАНК",380567.201,0,119211.9,-87645.05366,37124.81256,0,449258.8599,5919912.89097
37,4,КРЕДOБАНК,1918969.46916,38.05317,0,-1593528.77208,40175.66687,170116.58048,535770.9976,5080927.24987
38,5,"АКТАБАНК ",400000,12.19,0,113.26765,18281.32798,0,418406.78563,5017205.5668
39,6,"УКРБІЗНЕСБАНК ",284160,11436.42887,0,18432.85794,124200.28589,47526.42573,485755.99843,4681464.50583
40,7,ДІАМАНТБАНК,210000,0,0,3073.36005999998,69455.19763,0,282528.55769,4620987.59704
41,8,ПРАВЕКС-БАНК,949170,1521160.7585,0,-1531505.69869,1332.10769,245584.11747,1185741.28497,4559501.33364
42,9,"ТЕРРА БАНК",557141,0,0,612.39427,11005.84041,986.38408,569745.61876,4396849.09031
43,10,"МІСЬКИЙ КОМЕРЦІЙНИЙ БАНК ",400000,0,0,28594.31081,8657.26146,1404.85705,438656.42932,4393613.46547
44,11,"БАНК HАЦІОНАЛЬНІ ІНВЕСТИЦІЇ",161000,0,0,1062.84855,62952.62053,-141.53157,224873.93751,4169029.31463
45,12,"ДІВІ БАНК",590000,0,0,33213.60678,1665.11661,0,624878.72339,4142102.84008
46,13,"""КЛІРИНГОВИЙ ДІМ""",439692.5,0,0,57326.81958,115220.62727,51155.40789,663395.35474,4013898.07422
47,14,"АКТИВ - БАНК",312750,0,0,132700.70804,107301.0837,19706.63454,572458.42628,3517845.15454
48,15,"УКРАЇНСЬКИЙ ПРОФЕСІЙНИЙ БАНК",500000,9539.7816,0,1938.21880999999,114921.3988,2392.12719,628791.5264,3474486.78603
49,16,"БАНК 3/4",350000,0,0,68129.32433,90495.83466,7808.65953,516433.81852,3337121.08479
50,17,ФІНБАНК,185050,43.584,0,-4689.41256,13826.38043,37581.36075,231811.91262,3223323.19302
51,18,"""СОЮЗ""",336000,0,0,899.21477999998,10572.22192,355.29042,347826.72712,3104425.05733
52,19,"БАНК РУСКИЙ СТАНДАРТ",283000,0,0,1226.11976,2756.35475,0,286982.47451,2796234.13467
53,20,"ЄВРОГАЗБАНК ",290000,0,0,455.86441,11667.68616,0,302123.55057,2738181.58664
54,21,ЕКСПОБАНК,404231.212,0,0,-126182.79004,12438.45567,81655.19781,372142.07544,2663903.67863
55,22,АВАНТ-БАНК,320000,0,1398.4,159.286469999992,1159.42072,929.43872,323646.54591,2417698.36514
,,,,,,,,,,
,,,,,,,,,,
,,,,,,,,,,
,,"Група ІV",,,,,,,,
56,1,ФОРТУНА-БАНК,265000,0,0,37413.61241,49484.22555,158742.99955,510640.83751,3466874.03916
57,2,"БАНК ВОСТОК",307350,0,0,69885.4592,3398.2523,0,380633.7115,3444486.53475
58,3,"БМ БАНК",776397.35,0,0,-214264.15103,5383.40697,-2.71102,567513.89492,3419042.77164
59,4,"ПРОКРЕДИТ БАНК",298333.22448,777.80336,0,19289.11323,34358.3734,0,352758.51447,3255758.09959
60,5,ТАСКОМБАНК,220000,11,0,90178.38664,4852.2799,18448.18755,333489.85409,3145579.72259
61,6,"ПІРЕУС БАНК МКБ",1627792.22,0,0,-1393926.39329,50284.77957,15937.45687,300088.06315,3053903.3653
62,7,"БАНК ІНВЕСТИЦІЙ ТА ЗАОЩАДЖЕНЬ",250000,0,0,1436.97026,34510.64427,0,285947.61453,2904314.51573
63,8,"БАНК КІПРУ",700643.6,40.6982,0,-129987.34792,52768.94377,11812.4124,635278.30645,2848877.12524
64,9,"ІДЕЯ БАНК",180500,44890,13293.91206,8926.98320000013,65649.71359,33706.59661,346967.20546,2832395.18717
65,10,IНДУСТРІАЛБАНК,607798.0545,8021.50405,0,15310.79943,175379.24691,8413.72495,814923.32984,2751409.94296
66,11,"БАНК НАЦІОНАЛЬНИЙ КРЕДИТ",171960.75,54132.069,36350,-111574.64558,39313.65031,0,190181.82373,2514669.3995
67,12,"БАНК КАМБІО",174428.3216,0,0,1102.22399000003,695.97429,32460.35775,208686.87763,2423300.49291
68,13,"""АРКАДА""",220445.042,13.40704,0,45521.65354,46367.45898,0,312347.56156,2360707.20988
69,14,"КРЕДИТ ЄВРОПА БАНК ",252500,0,0,165718.80166,5230.5665,684.37473,424133.74289,2321986.88077
70,15,"ВІЕС БАНК",420000,42863.64134,0,-21957.61872,28757.45528,81019.99925,550683.47715,2308503.86874
71,16,"МАРФІН БАНК ",435000.05,80211.7403,0,-105884.26779,82381.68166,37485.55805,529194.76222,2295842.05771
72,17,"""КИЇВ""",3567544,846.7425,0,-3464025.31512,374544.38645,311421.36708,790331.18091,2124077.10652
73,18,ЕКСПРЕС-БАНК,248767.757,0,0,76884.73435,83344.67592,47877.68695,456874.85422,2122598.6753
74,19,"БАНК ДЕМАРК",206000,393.43215,0,-2875.28967,33976.28349,5827.50105,243321.92702,2117418.96289
75,20,"БАНК ПЕРШИЙ",265000,0,0,-3512.47498,16914.27191,14660.17366,293061.97059,2063789.26624
76,21,ЕНЕРГОБАНК,359036.578,32.5,0,-110365.84519,30884.33737,25532.01644,305119.58662,2039319.30264
77,22,АКЦЕНТ-БАНК,125560,40.51219,0,35601.81996,36168.36406,1988.28925,199358.98546,2035618.028
78,23,"МІЖНАРОДНИЙ ІНВЕСТИЦІЙНИЙ БАНК",121423.5,0,0,7698.41321,1748.90189,0,130870.8151,2034416.80421
79,24,ФІНРОСТБАНК,127000,0,0,-2753.92144000001,14232.17265,0,138478.25121,1888416.20251
80,25,"МІСТО БАНК",299980,1056.3,0,-57799.51496,40910.01503,63617.72799,347764.52806,1748334.53592
81,26,"ЮНЕКС БАНК",292000,4160.86042,0,14229.34642,1376.58243,32900.9809,344667.77017,1746720.77585
82,27,ЄВРОБАНК,126670,0,0,1575.53822999999,92.93389,693.48722,129031.95934,1667480.21919
83,28,"""КАПІТАЛ""",194078.895,1048.95,0,-8432.68516999998,6776.74261,363.33909,193835.24153,1595821.83577
84,29,"""ГЛОБУС""",160000,0,0,34470.23875,35993.5276,0,230463.76635,1512180.62427
85,30,"""ТК КРЕДИТ""",151828.75,5.4308,0,-325.110079999999,18749.57391,56.006,170314.65063,1512150.71236
86,31,"""ПОРТО-ФРАНКО""",120053.56,0,0,25006.23107,8157.98345,86.33509,153304.10961,1427363.24458
87,32,"БАНК РЕНЕСАНС КАПІТАЛ",201400,0,0,6982.13618000003,73565.51413,0,281947.65031,1409216.17878
88,33,"ПОЛТАВА - БАНК",70500,60.31201,0,40364.20065,83096.62477,80020.54222,274041.67965,1382029.0654
89,34,"БАНК МИХАЙЛІВСЬКИЙ",500000,0,0,-1024.86092,0,0,498975.13908,1351583.44986
90,35,АВТОКРАЗБАНК,265000,1525.36079,0,-20616.15808,135.01752,12259.61306,258303.83329,1338135.00291
91,36,КРЕДИТПРОМБАНК,2635938.34,200462.08716,0,-2701176.24898,0,-9624.96802,125599.21016,1292095.58092
92,37,УКРГАЗПРОМБАНК,124200,0,0,3011.30853,19256.30856,9057.2226,155524.83969,1259491.66852
93,38,"РАДИКАЛ БАНК",120000,0,0,40346.8869,1181.40271,217.66899,161745.9586,1257382.98718
94,39,УНIКОМБАНК,460564.375,0,0,108267.53856,3982.42607,0,572814.33963,1194955.81685
95,40,КОМІНВЕСТБАНК,125000,0,0,1245.29011,10197.09418,3462.61081,139904.9951,1124248.38512
96,41,"ПЕРШИЙ ІНВЕСТИЦІЙНИЙ БАНК",230000,17924.436,0,-8288.43831,4691.90215,537.55508,244865.45492,1096511.49869
97,42,"""ЛЬВІВ""",245405.338,230.31264,0,-150570.7095,9936.31654,38136.6035,143137.86118,1093816.73409
98,43,"IНТЕГРАЛ - БАНК",160000,14.15,0,31457.95578,31041.328,0,222513.43378,1092075.85343
99,44,"БАНК ПЕТРОКОММЕРЦ-УКРАЇНА",319474.505,124.44962,0,-223191.00921,42957.96632,3167.17256,142533.08429,1046147.48976
100,45,"""АКСІОМА""",316000,0,0,1481.90222,9932.50121,0,327414.40343,1035634.50345
101,46,"БАНК ГРАНТ",130000,0,7085.54,2257.06198,19839.43803,33314.59418,192496.63419,937309.04383
102,47,"БАНК ЗОЛОТІ ВОРОТА",131768,0,0,-24291.22547,4531.12787,14086.98981,126094.89221,917944.344
103,48,"""ПРЕМIУМ""",260000,0,0,-2687.23995,8023.97164,0,265336.73169,917628.02042
104,49,"СЕБ КОРПОРАТИВНИЙ БАНК",250000,0,0,41177.34787,1301.7844,0,292479.13227,908170.07641
105,50,"ЮНІОН СТАНДАРД БАНК",247526.31,7000,0,191391.32321,27209.18793,11.52965,473138.35079,907845.9203
106,51,"""РОЗРАХУНКОВИЙ ЦЕНТР""",153100,0,0,4709.24146,1271.46429,17716.62826,176797.33401,891270.42522
107,52,ЄВРОПРОМБАНК,120000,0,0,1208.84687000001,9300.20223,0,130509.0491,874404.60388
108,53,ПРОМЕКОНОМБАНК,122395,0.0005,0,-172423.06503,115.04361,996.79463,-48916.22629,854824.34786
109,54,"БАНК КОНТРАКТ",86000,0,0,-20627.28632,11201.007,22808.14711,99381.86779,815595.13052
110,55,"БАНК ЮНІСОН",335145.5,0,0,35213.95911,271.89882,846.93638,371478.29431,778320.65412
111,56,"БАНК АЛЬЯНС",64778.9,0,197221.1,1967.4105,22673.60381,800.18048,287441.19479,760113.92799
112,57,АПЕКС-БАНК,190000,0,15000,19137.12378,2052.74791,0,226189.87169,753994.6054
113,58,"""СТАНДАРТ""",125000,0,0,3706.26796000001,180.35886,38.08484,128924.71166,740045.9528
114,59,МЕТАБАНК,107348.65206,1611.7943,0,5657.5793,7464.93265,6392.56555,128475.52386,698964.66253
115,60,"БАНК ТРАСТ",69000,0,0,203.71273,950.79887,12449.95698,82604.46858,698295.11134
116,61,"""НОВИЙ""",150000,0,0,-73526.2299,0,2318.0225,78791.7926,696953.53115
117,62,АГРОКОМБАНК,102453.5,0.5,0,193.45433,11535.40578,18089.508,132272.36811,666127.37161
118,63,"ОМЕГА БАНК",5750927.662,0,0,-5669776.59773,0,63.88084,81214.94511,664627.91052
119,64,ЛЕГБАНК,111500,0,0,-780.4951,26348.23927,3743.19388,140810.93805,662331.22132
120,65,"БАНК СОФІЙСЬКИЙ",120000,0,0,211.11229,494.04681,0,120705.1591,627046.25208
121,66,"БАНК УКРАЇНСЬКИЙ КАПІТАЛ",85320,0,0,25540.80251,7940,152.71,118953.51251,612650.0008
122,67,IНВЕСТБАНК,74129.6,0,0,12858.6713,13925.44571,7776.88453,108690.60154,607276.77423
123,68,"""ФІНАНСОВИЙ ПАРТНЕР""",125000,0,0,214.81818,480.3615,-11038.64294,114656.53674,602075.22287
124,69,АКОРДБАНК,96400,0,0,3595.38051,1445.51432,-93.27546,101347.61937,597817.94066
125,70,"БАНК СІЧ",120000,0,0,6744.42298,128.26873,608.65136,127481.34307,590163.27879
126,71,ЗАХІДІНКОМБАНК,174318.977,0,0,-270689.88891,138111.00644,17684.69967,59424.7942,588054.64307
127,72,"ПРОФІН БАНК",121442.09,5535.06579,0,-19767.73421,13361.35833,6897.90586,127468.68577,557687.48972
128,73,"""УКООПСПІЛКА""",321723.66162,0.37087,0,23.1390400000018,47313.3355,18210.71002,387271.21705,540029.09221
129,74,ПОЛІКОМБАНК,49500.12,0,0,2983.45893,18957.52806,40984.46196,112425.56895,531134.72865
130,75,"ВЕРНУМ БАНК",131000,0,38500,1059.21296,7151.54451,129.13331,177839.89078,526986.45308
131,76,"КРЕДИТВЕСТ БАНК",88045.2,2902.36496,0,9960.45544,32644.74793,0,133552.76833,512995.62778
132,77,"""СТОЛИЧНИЙ""",121335,91.2874,3000,294.097840000002,4061.76275,4.71632,128786.86431,510369.14759
133,78,"БАНК БОГУСЛАВ",180000,0,0,8125.00172,5951.66296,5.21328,194081.87796,506451.0918
134,79,"ОКСІ БАНК",120000,0,0,5962.26109,5374.73118,0,131336.99227,491825.51631
135,80,ПРАЙМ-БАНК,61100,3920,0,2280.32987,19959.62173,10837.196,98097.1476,482390.74985
136,81,АРТЕМ-БАНК,86000,0,0,2166.15056,9292.57762,78.4,97537.12818,474514.77728
137,82,"АСВІО БАНК",104000,27.22845,0,3822.60649,20251.37372,0,128101.20866,471649.9586
138,83,ІНТЕРКРЕДИТБАНК,130000,0,0,239.3904,170.95416,0,130410.34456,469407.97219
139,84,РАДАБАНК,120000,0,0,2775.02542,17719.62855,982.22634,141476.88031,458497.59036
140,85,МОТОР-БАНК,120000,0,0,4159.00378,2641.43889,-301.45,126498.99267,454446.43912
141,86,"""ТРАСТ-КАПІТАЛ""",53250,0,0,9310.07141,23117,6217.67974,91894.75115,452766.77287
142,87,КЛАСИКБАНК,220000,0,0,276.51069,5148.2843,0,225424.79499,448495.58572
143,88,УКРБУДІНВЕСТБАНК,120004.636,0,0,4278.33568,1751.22505,273.2706,126307.46733,437551.27868
144,89,"ДОЙЧЕ БАНК ДБУ",228666.102,0,0,-4154.62292,5925.85237,0,230437.33145,432709.57421
145,90,УКРКОМУНБАНК,105800,0,0,18.78205,7943.32979,36765.89115,150528.00299,432546.07849
146,91,"МЕЛІОР БАНК",190000,0,0,637.543080000003,1791.11377,0,192428.65685,422864.97867
147,92,РЕГІОН-БАНК,56481.279,11.70712,0,6772.97422999999,17200.41226,7182.15689,87648.5295,415812.09225
148,93,"СТАРОКИЇВСЬКИЙ БАНК",52905.90147,0,0,-152876.78031,12510.45632,37285.91215,-50174.51037,413806.10307
149,94,"КСГ БАНК ",153000,0,0,21728.3601,7945.90203,14308.83009,196983.09222,357466.02508
150,95,"БАНК РИНКОВІ ТЕХНОЛОГІЇ",300000,0,0,16085.45084,3466.25413,0,319551.70497,335832.94123
151,96,"ГРІН БАНК",76650,6.88495,0,112546.39534,12090.20956,0,201293.48985,329820.47012
152,97,"БАНК АВАНГАРД",122000,0,0,834.38074,9.38623,2510.28939,125354.05636,313704.39402
153,98,"""ЗЕМЕЛЬНИЙ КАПІТАЛ""",106220.5,0,0,-870.953439999997,5273.88963,7463.68092,118087.11711,295577.5084
154,99,"ФІНАНС БАНК",176000,5764.93,0,139.98674,19983.3764,10619.80543,212508.09857,283904.31554
155,100,"КРЕДИТ ОПТИМА БАНК",63000,0,0,387.55689,5672.9823,0,69060.53919,240094.9234
156,101,"БАНК НАРОДНИЙ КАПІТАЛ",80055.59,0,0,6697.95651,4040.49092,0,90794.03743,238412.24306
157,102,"ПРОМИСЛОВО-ФІНАНСОВИЙ БАНК",113208,609,0,6642.61273,14039.72345,0,134499.33618,234676.08651
158,103,"""КОНКОРД""",130000,0,0,138.882429999998,7778.8428,0,137917.72523,225546.48659
159,104,ФІНЕКСБАНК,122474,0,0,-2175.27827,0,0,120298.72173,215467.08714
160,105,"""ЦЕНТР""",120000,0,0,5671.72776,5887.02727,0,131558.75503,196269.75852
161,106,"БАНК ФАМІЛЬНИЙ",66600.05496,0,0,8.9673700000003,3574.87762,14299.49397,84483.39392,196245.05605
162,107,"ІНВЕСТИЦІЙНО-ТРАСТОВИЙ БАНК",129000,0,0,-3471.78489,0,9210.33,134738.54511,195765.40415
163,108,"БАНК ВЕЛЕС",105000,5247,0,1961.37653,8688.29394,3229.36289,124126.03336,184822.23944
164,109,"АСТРА БАНК",150104.85,0,0,6995.64503,7032.26101,0,164132.75604,181079.42406
165,110,"КОМЕРЦІЙНИЙ ІНДУСТРІАЛЬНИЙ БАНК",112417.11924,0,0,3106.40032,3468.24705,5834.47548,124826.24209,170354.48129
166,111,"СХІДНО-ПРОМИСЛ. КОМЕРЦ. БАНК",95544,0,0,7933.28352,5070.72158,0,108548.0051,160041.79693
167,112,"АЛЬПАРІ БАНК",122000,0,0,3200.84684,39.76637,6522.68855,131763.30176,149945.08001
168,113,"ВЕКТОР БАНК",121000,0,0,98.2028800000001,0,0,121098.20288,149110.41459
169,114,"БАНК ПОРТАЛ",125000,0,0,-1089.47982,0,0,123910.52018,131066.64048
170,115,ДЕРЖЗЕМБАНК,120000,0,0,-2265.98048,0,0,117734.01952,127824.49295
171,116,"""ГЕФЕСТ""",121000,0,0,1027.05013,64.39977,0,122091.4499,122091.4499
172,117,"УКРАЇНСЬКИЙ БАНК РЕКОНСТР.ТА РОЗВ.",117999.5,0,0,-44736.56964,3987.4967,0,77250.42706,113026.70295
173,118,IНТЕРБАНК,36050,0,0,-538152.55917,33145.34424,309.00471,-468648.21022,72946.7903100002
