"Власний капітал банків України",,,,,,,,,,
"за станом на 01.07.2012",,,,,,,,,,
,,,,,,,,,(тис.грн.),
"№ з/п","№ з/гр","Назва банку","Статутний капітал ","Емісійні різниці ","Незареєстровані внески до статутного капіталу","Нерозподілений прибуток (непокритий збиток)","Резервні та інші фонди банку","Резерви переоцінки","Усього власного капіталу ","Усього зобов'язань та власного капіталу"
,,,,,,,,,,
,,"Група I ",,,,,,,,
1,1,ПРИВАТБАНК,14897555.475,19708.978,0,742993.13194,1250568.6093300001,349602.50409,17260428.69836,161739954.8398
2,2,ОЩАДБАНК,15537900,0,0,904674.94684,126498.7732,1226590.3306,17795664.05064,84732833.17616999
3,3,УКРЕКСІМБАНК,16446817.65882,0,0,116283.68076,146232.67673,1018300.6115199999,17727634.627830002,75542571.69702
4,4,"РАЙФФАЙЗЕН БАНК АВАЛЬ",3001337.8085,3029016.67814,0,-1013575.79857,278625.33012,1082588.6904799999,6377992.70867,47477953.99397
5,5,ПРОМІНВЕСТБАНК,5298714.52,0,0,-2420697.7624,0,2207942.58089,5085959.33849,40998165.904690005
6,6,УКРСОЦБАНК,1270000,966754.88795,-28546.520399999998,17193.5353199997,2163895.42717,2041166.75643,6430464.08647,39994087.38712
7,7,"ВТБ БАНК",5415784.405,0,0,-2099113.17297,0,176532.68712,3493203.91915,38170021.51334
8,8,"ПЕРШИЙ УКР.МІЖНАРОДНИЙ БАНК",3294492.4,101659.63403,0,-667932.04483,649551.2450400001,715873.83192,4093645.0661600004,31459178.10487
9,9,"ДЕЛЬТА БАНК",2327000,0,0,37962.47434,567639.627,-9088.23684,2923513.8645,29043915.262769997
10,10,УКРСИББАНК,8871665.2,811259.8415999999,0,-7921161.87612,843380.21354,9707.77965,2614851.1586700003,28648395.27078
11,11,АЛЬФА-БАНК,4639120.959,6.46353,0,-893855.3239000001,247335.34502,155292.33366,4147899.77731,27942205.46968
12,12,"""НАДРА""",3890362.66,638909.57829,0,-689547.21184,100.05398,189622.35138,4029447.43181,24544326.28474
13,13,"БАНК ФІНАНСИ ТА КРЕДИТ",2000000,0,0,-252943.02589,0,32888.39042,1779945.36453,22188473.859720003
14,14,БРОКБІЗНЕСБАНК,2504160,0,0,32269.80819,55651.46508,324053.60915,2916134.88242,21929823.94791
15,15,"ОТП БАНК",2868190.52175,2754.16982,0,272504.87045,65350.53855,0,3208800.10057,21331719.40123
16,16,"УКРГАЗБАНК ",10000000,135941.77628,0,-7469698.40661,10058.02125,244709.47147999998,2921010.8624,20897553.37291
17,17,"СБЕРБАНК РОСІЇ",2992460.5,170558,500000,-1304258.90423,364732.21877,148233.5779,2871725.39244,20252649.23192
,,,,,,,,,,
,,,,,,,,,,
,,"Група II ",,,,,,,,
18,1,"ВIEЙБI БАНК",1848619.1327,430119.42807,500000.00035,-1810948.6499,16128.74352,64506.739870000005,1048425.39461,13244273.00148
19,2,КРЕДИТПРОМБАНК,2635938.34,200462.08716,0,-778365.92165,5915.46704,80124.51488,2144074.4874299997,12583021.788169999
20,3,"IHГ БАНК УКРАЇНА",731298.045,0,0,729463.81617,366749.8615,0,1827511.7226699998,11270952.3461
21,4,"""ПІВДЕННИЙ""",956894,335564.02,0,77927.94748999999,127738.55687,118860.1749,1616984.6992600001,10257964.57902
22,5,"ЕРСТЕ БАНК",1380500,1130000,0,-718340.72953,3528.68526,15059.32306,1810747.2787900001,9839839.35699
23,6,"""ХРЕЩАТИК""",828828,0,0,-239281.75838,36354.404440000006,15463.09922,641363.74528,9520978.9442
24,7,"БАНК ФОРУМ",5934618.92,0,0,-4595696.50909,38637.5393,119598.78457,1497158.73478,9337035.36331
25,8,"""ФІНАНСОВА ІНІЦІАТИВА""",1850000,0,0,614.040169999953,57818.6817,0,1908432.72187,8969180.92272
26,9,"РОДОВІД БАНК",12359298.999599999,535523.9759999999,0,-9947002.735350002,573038.31859,101731.76340000001,3622590.32224,8963909.41127
27,10,IМЕКСБАНК,1140000,0,0,1344.99989,85053.93628000001,3794.88199,1230193.81816,8662540.48263
28,11,"БАНК КРЕДИТ ДНІПРО",315000,0,0,718.9139,188320.96365000002,93357.10302,597396.98057,8546802.28599
29,12,"УНІВЕРСАЛ БАНК",1152671.97,527485.30841,0,-1292115.99591,27985.60491,615.81183,416642.69924,7762213.90398
30,13,"КРЕДІ АГРІКОЛЬ БАНК",1050000,0,0,-349685.17264,32055.99293,-1230.4772500000001,731140.34304,7354082.34796
31,14,"БТА БАНК  ",1500000,40366.57317,0,-80745.51392,33093.389299999995,24474.46215,1517188.9107,5844514.39325
32,15,"СІТІБАНК ",66500,253090.78194,0,567185.84788,95172.05081999999,-5981.7575400000005,975966.9231,5652629.53616
33,16,ПРАВЕКС-БАНК,937280,295397.70265,0,-420876.43262,1332.10769,242102.37420000002,1055235.75192,5641696.92948
34,17,"УНIКРЕДИТ БАНК",653507.67,2018.1802200000002,0,120362.99395999999,155693.8805,1094.8637800000001,932677.58846,5631938.16605
35,18,"БАНК КИЇВСЬКА РУСЬ ",416080,0,69000,-89344.57767000001,20903.89936,84722.53213,501361.85382,5435499.15549
36,19,"СВЕДБАНК  ",5440927.6620000005,0,0,-4781521.16295,235.77443,48053.40829,707695.6817699991,5189423.24063
,,,,,,,,,,
,,,,,,,,,,
,,"Група III ",,,,,,,,
37,1,"ПІВДЕНКОМБАНК ",300000,0,0,4327.58637,64144.99954999999,4534.94716,373007.53307999996,5414833.9227
38,2,"АКТАБАНК ",400000,12.19,0,7511.8318899999995,7986.08605,0.7,415510.80794,5108239.0590699995
39,3,"БАНК ТАВРИКА",300000,0,16200,387.333589999969,72129.73823999999,103.45016,388820.52199,4903033.55276
40,4,"БАНК 3/4",267000,0,0,106681.44084,83799.19787999999,258.97758999999996,457739.61630999995,4734802.81687
41,5,МЕГАБАНК,500000,138.44,0,5436.19701,103316.59949000001,52606.28521,661497.52171,4664292.60458
42,6,"МАРФІН БАНК ",435000.05,80211.7403,0,1021.1200200000098,80232.07368,29286.431220000002,625751.41522,4637524.62849
43,7,УКРІНБАНК,305000,11.77563,0,-11673.66395,29754.086730000003,259309.40872000004,582401.60713,4349399.5575
44,8,ЗЛАТОБАНК,262500,0,90000,3716.40364,2996.00481,0,359212.40845,4131065.4235499995
45,9,"КІБ КРЕДІ АГРІКОЛЬ",172928.76,0,0,145639.4951,215837.98109,33649.05765,568055.2938399999,3948833.57372
46,10,КРЕДOБАНК,1918969.46916,38.053169999999994,0,-1536999.94169,40175.66687,199608.75616999998,621792.00368,3887077.44641
47,11,"УКРБІЗНЕСБАНК ",234160,11436.42887,0,13564.25241,56297.98964,48597.58842,364056.25934,3885404.47342
48,12,IНДУСТРІАЛБАНК,607798.0545000001,8021.5040500000005,0,39186.46249,137686.22393,-80796.47127,711895.7736999999,3735798.71198
49,13,"""СОЮЗ""",336000,0,0,1440.97414999999,4320.12526,-2719.92454,339041.17487000005,3437016.2165
50,14,"""КЛІРИНГОВИЙ ДІМ""",439692.5,0,0,26725.90641,45350.295809999996,50855.21226,562623.91448,3405806.0593
51,15,"ТЕРРА БАНК",557141,0,0,1622.6025100000002,6648.56652,651.4049699999999,566063.574,3405634.68264
52,16,"ПІРЕУС БАНК МКБ",1627792.22,0,0,-1133804.2792399998,41244.84597,30329.1498,565561.9365300001,3355277.33454
53,17,"УКРАЇНСЬКИЙ ПРОФЕСІЙНИЙ БАНК",500000,9539.7816,0,32412.99039,41632.48629,50.32103,583635.5793100001,3324633.91223
54,18,"ЄВРОГАЗБАНК ",230000,0,0,726.169949999985,7121.53243,0,237847.70237999997,3276569.17661
55,19,"ПЛАТИНУМ БАНК",380567.201,0,0,28913.54631,1132.5122700000002,0,410613.25957999995,3188741.45171
56,20,ДІАМАНТБАНК,210000,0,0,5714.278320000009,61739.42446,0,277453.70278,3021103.64612
57,21,"БМ БАНК",419907.85,0,159760,-250886.34116,5383.40697,-5.3967,334159.51911,2929782.66271
58,22,"АКТИВ - БАНК",312750,0,0,547.483830000004,82947.17797,166763.0306,563007.6923999999,2887441.8762499997
,,,,,,,,,,
,,,,,,,,,,
,,"Група IV ",,,,,,,,
59,1,ТАСКОМБАНК,165000,0,0,21329.93968,1824.20855,25755.25192,213909.40015,2970491.02336
60,2,"ДІВІ БАНК",365000,0,0,2184.38235,35.30722,0,367219.68957,2961251.40145
61,3,ЕКСПРЕС-БАНК,248767.75699999998,0,0,49574.02887,80709.12061999999,40442.52842,419493.43491,2888818.16445
62,4,КОНВЕРСБАНК,195890,0,0,1332.4886199999999,3949.98779,3135.72184,204308.19825000002,2852505.0342099997
63,5,"БАНК КІПРУ",700637.6810000001,40.6982,0,-56842.05823,50703.04386,12865.495620000002,707404.86045,2713358.9268400003
64,6,"ЕРДЕ БАНК",211941.11,0,0,22724.96526,2577.5891199999996,0,237243.66438,2566225.90727
65,7,"ВСЕУКРАЇНСЬКИЙ БАНК РОЗВИТКУ",310000,0,0,25317.251,2726.5655,0,338043.8165,2560941.74689
66,8,"IНТЕГРАЛ - БАНК",160000,14.15,0,566.160069999995,27307.863179999997,0,187888.17325,2470499.64414
67,9,"""КИЇВ""",3567544,846.7425,0,-3457810.93744,366441.49019000004,315746.99915000005,792768.2943999999,2467709.52159
68,10,ФІДОБАНК,675688.819,1.86726,0,-421289.82555999997,293.54677000000004,271388.89207,526083.29954,2421652.2026799996
69,11,"ПРОКРЕДИТ БАНК",298333.22448000003,777.8033600000001,0,-69368.49711000001,0,35067.94171,264810.47244000004,2411417.59344
70,12,"""ГЛОБУС""",160000,0,0,44639.61965,4605.52685,0,209245.1465,2298635.3876799997
71,13,"БАНК HАЦІОНАЛЬНІ ІНВЕСТИЦІЇ",124500,0,0,2834.43141,45154.30132,-6210.03659,166278.69614,2267703.71307
72,14,ФОЛЬКСБАНК,420000,42863.64134,0,-139540.64367999998,28757.45528,86814.72288,438895.17582,2250998.60025
73,15,"БАНК ІНВЕСТИЦІЙ ТА ЗАОЩАДЖЕНЬ",250000,0,0,2517.36261,34258.07494,0,286775.43755,2217405.7639699997
74,16,ФІНБАНК,135050,43.583999999999996,0,495.41942,13770.22573,37460.22566,186819.45481,2214446.38422
75,17,ЕКСПОБАНК,304230.81200000003,0,0,-166915.90993,9185.49477,93453.67867000001,239954.07551,2205351.2434300003
76,18,ФОРТУНА-БАНК,215000,0,0,1628.2612700000002,39665.09435,158742.99955,415036.35517,2130920.0596000003
77,19,"ДОЙЧЕ БАНК ДБУ",228666.10199999998,0,0,-41008.51667,0,-5786.3761,181871.20923,2049227.80323
78,20,АВАНТ-БАНК,80000,0,240000,717.81163,1062.03306,4909.45,326689.29469,1979621.87266
79,21,"БАНК ПЕРШИЙ",265000,0,0,2243.28519,13181.099460000001,15763.51251,296187.89716,1938351.26637
80,22,ЕНЕРГОБАНК,259163.34,0,99906.33499999999,-108479.0457,28208.79236,24449.532600000002,303248.95426,1897997.95206
81,23,"БАНК КАМБІО",111467.42152,0,0,286.03649999999396,663.04553,34685.98429,147102.48784000002,1846215.4800200001
82,24,"МІСТО БАНК",299980,1056.3,0,-75917.70406999999,18355.59982,63466.193,306940.38875,1799297.86631
83,25,"АСТРА БАНК",1050000,0,0,54987.45781,2883.72743,4292.987700000001,1112164.17294,1757583.1783399999
84,26,"БАНК РУСКИЙ СТАНДАРТ",183000,0,0,-19301.708260000003,0,12.99033,163711.28207000002,1714788.38316
85,27,"БАНК МЕРКУРІЙ",141500,0,0,4872.2930799999895,12206.87853,60540.29505,219119.46666,1699502.2571
86,28,"БАНК ДЕМАРК",176000,393.43215,0,354.53376000001003,32137.87364,5871.4682,214757.30775,1673239.70743
87,29,"ІДЕЯ БАНК",147000,0,0,644.71391,23435.985819999998,34572.66476,205653.36449,1656960.36377
88,30,"""АРКАДА""",220445.042,13.40704,0,48254.815370000004,43904.34255,0,312617.60696,1646952.53865
89,31,"""ТК КРЕДИТ""",151828.75,5.4308000000000005,0,408.170650000002,16215.08677,1402.8116100000002,169860.24983,1610311.4511199999
90,32,"""КАПІТАЛ""",194078.895,1048.95,0,-10919.698269999999,6664.10404,363.33909,191235.58986,1554928.52799
91,33,АКЦЕНТ-БАНК,125560,40.51219,0,26883.996610000002,29049.349029999998,3075.39987,184609.2577,1451990.84077
92,34,"МІЖНАРОДНИЙ ІНВЕСТИЦІЙНИЙ БАНК",90750,0,0,10310.21048,605.28851,-28.346,101637.15299,1436885.9213999999
93,35,"КРЕДИТ ЄВРОПА БАНК ",505000,0,0,1692.0083799999802,522.65,-400.38559000000004,506814.27279,1358370.64481
94,36,"ЮНЕКС БАНК",292000,4160.86042,0,12816.03442,1289.99055,33309.795790000004,343576.68117999996,1328013.1438799999
95,37,"БАНК ЗОЛОТІ ВОРОТА",129780,0,0,-38966.33458,2402.16823,14086.989810000001,107302.82346,1308638.2733099998
96,38,"""ДАНІЕЛЬ""",120412,0,0,319.451040000018,43469.43876999999,0,164200.88981,1267097.88665
97,39,"ПОЛТАВА - БАНК",70500,60.31201,0,8737.55121,69100.00267,76659.4966,225057.36249,1265013.71004
98,40,ЄВРОБАНК,126670,0,0,1066.30561999999,74.79634,-6062.54926,121748.5527,1241474.43242
99,41,"РЕАЛ БАНК",100000,0,0,1194.36483,20308.4909,618.51136,122121.36709,1229244.6914600001
100,42,УКРГАЗПРОМБАНК,82800,5.056,0,5930.871330000001,60578.488020000004,9011.9463,158326.36165,1161599.58411
101,43,"""УКРАЇНСЬКИЙ ФІНАНСОВИЙ СВІТ""",143000,0,0,8303.325299999999,62317.37896,0,213620.70426,1141399.32143
102,44,АВТОКРАЗБАНК,155000,1525.36079,0,-4163.31915000001,0,11924.927959999999,164286.96959999998,1102663.61564
103,45,ФІНРОСТБАНК,85000,0,35000,841.2408100000019,9607.15731,89.64,130538.03812000001,1092734.42937
104,46,"БАНК УКРАЇНСЬКИЙ КАПІТАЛ",85320,0,0,1587.01206000001,7940,36320.07325,131167.08531,1080193.51709
105,47,"БАНК НАЦІОНАЛЬНИЙ КРЕДИТ",113960.75,54132.069,0,-119602.14277,38602.301490000005,0,87092.97772,1077986.32905
106,48,АПЕКС-БАНК,190000,0,0,2328.5443,805.8288,155.77147,193290.14457,1045230.0390800001
107,49,"ПЕРШИЙ ІНВЕСТИЦІЙНИЙ БАНК",230000,17924.436,0,2976.0782,3422.05418,-289.48281999999995,254033.08555999998,967169.7096399999
108,50,"БАНК ВОСТОК",307350,0,0,47800.75118,2359.6612,0,357510.41238,960558.2570300001
109,51,"СЕБ КОРПОРАТИВНИЙ БАНК",120000,0,0,3612.68822,42.47,0,123655.15822,935729.2412
110,52,ЗАХІДІНКОМБАНК,174318.97699999998,0,0,-95855.01128,138097.6719,17609.43967,234171.07729,908689.55643
111,53,КОМІНВЕСТБАНК,115000,0,0,239.03060000000002,9599.51698,3667.63281,128506.18039,898422.77924
112,54,"БАНК ПЕТРОКОММЕРЦ-УКРАЇНА",319474.505,124.44962,0,-220325.09141,40389.202320000004,2431.8805700000003,142094.9461,868685.85631
113,55,"""ПОРТО-ФРАНКО""",105553.56,0,0,1157.0095199999998,7513.574570000001,145.2328,114369.37689,863190.1860699999
114,56,"""НОВИЙ""",150000,0,0,-58022.17532,2149.54318,2318.3723299999997,96445.74019,838999.6385
115,57,"""ЛЬВІВ""",227905.338,230.31264000000002,0,-155684.12145,9936.31654,38136.6035,120524.44923,825017.26864
116,58,"БАНК РИНКОВІ ТЕХНОЛОГІЇ",300000,0,0,205.51721,639.9074,0,300845.42461,815794.21051
117,59,МЕТАБАНК,35967.15377999999,1611.7942999999998,0,2385.92499000001,70150.29336000001,7177.15403,117292.32046,771700.40254
118,60,"ЄКАТЕРИНОСЛАВСЬКИЙ КОМЕРЦІЙНИЙ БАНК",247526.31,7000,0,70.96585,24670.50245,1327.1655799999999,280594.94388000004,733835.6363499999
119,61,"БАНК КОНТРАКТ",86000,0,0,214.508839999993,10672.255679999998,23768.01567,120654.78018999999,697091.77988
120,62,"БАНК РЕНЕСАНС КАПІТАЛ",201400,0,0,44759.68658,4548.05005,0,250707.73663,689064.57741
121,63,"ДІАПАЗОН-МАКСИМУМ БАНК",110000,0,0,284.328430000002,4544.92257,0,114829.251,661474.6852
122,64,"БАНК МОРСЬКИЙ",145962,12510.4031,0,-24051.87451,316.8184,16255.955629999999,150993.30262,661286.20369
123,65,"""ПРЕМIУМ""",260000,0,0,-6415.7000499999995,7762.706910000001,0,261347.00686000002,633819.94903
124,66,"ЧОРНОМОРСЬКИЙ БАНК РОЗВИТКУ ТА РЕКОНСТР.",54607,0,1335,333.77874,8523.30568,24295.39522,89094.47964,613587.01995
125,67,"СТАРОКИЇВСЬКИЙ БАНК",33770.00055,0,17585.89992,2240.26232,9697.38815,37282.89375,100576.44469,604776.04505
126,68,"БАНК ГРАНТ",80000,0,0,421.49744,17603.93205,35664.91225,133690.34174,600963.38502
127,69,КЛАСИКБАНК,220000,0,0,18934.227329999998,4268.35477,1972.98417,245175.56626999998,582663.42075
128,70,"РАДИКАЛ БАНК",120000,0,0,1476.27689,72.64268,3.9939099999999996,121552.91348,573151.41478
129,71,ПРОМЕКОНОМБАНК,92300,0.0005,0,-12395.0502,33.2515,996.79463,80934.99643,568700.67682
130,72,АГРОКОМБАНК,93112,0.5,0,4366.61092,11578.16626,17546.82029,126604.09747,546091.97152
131,73,"""АКСІОМА""",266000,0,0,1000.39579999999,7137.49403,0,274137.88983,533096.7493
132,74,"""БАЗИС""",127405.888,0.45636,0,-379367.31122,20954.04409,14873.1711,-216133.75167,531113.2095100001
133,75,"БАНК БОГУСЛАВ",180000,0,0,5531.999940000001,4640.7002,-504.59148,189668.10866,519168.75639
134,76,ЄВРОПРОМБАНК,120000,0,0,850.385920000001,4569.79575,0,125420.18167,514412.18036999996
135,77,УНIКОМБАНК,460564.375,0,0,26125.08815,3920.74329,0,490610.20644000004,507386.98428
136,78,УКРКОМУНБАНК,105800,0,0,5.22617,7926.38176,35584.60202,149316.20995,506407.06995
137,79,АКОРДБАНК,86761,0,0,2426.55836,1211.57937,358.22900000000004,90757.36673,505033.70288999996
138,80,IНВЕСТБАНК,74129.6,0,0,3702.38328,12660.34271,7768.65225,98260.97824,488764.08494
139,81,"АСВІО БАНК",104000,27.228450000000002,0,644.79925,20070.40722,0,124742.43492,476913.74078
140,82,"КРЕДИТВЕСТ БАНК",88045.2,2902.36496,0,5470.35715,5386.714849999999,0,101804.63696,454007.55835
141,83,"ПРОФІН БАНК",157717,5535.06579,0,80.3082699999962,13361.35833,6744.51361,183438.24599999998,452563.22043
142,84,ПОЛІКОМБАНК,49500.12,0,0,1104.68985,18817.472899999997,37119.750439999996,106542.03319,442137.56901
143,85,ЛЕГБАНК,111500,0,0,714.26829,26006.14779,3898.01083,142118.42691,442064.053
144,86,"БАНК СІЧ",120000,0,0,547.03408,3.05969,2435.05648,122985.15025,422824.15716999996
145,87,АРТЕМ-БАНК,86000,0,0,1039.72486,6740.14968,63.5,93843.37454,416657.7435
146,88,IНТЕРБАНК,36050,0,0,94.5840500000088,32927.038250000005,-20859.00044,48212.62186,400685.90723
147,89,"""ТРАСТ-КАПІТАЛ""",53250,0,0,7260.41871,22943.16812,6216.07762,89669.66445,400504.15506
148,90,РЕГІОН-БАНК,56481.279,11.70712,0,9455.52605,11503.16621,7102.061110000001,84553.73948999999,397728.39018000005
149,91,"БАНК ТРАСТ",69000,0,0,-963.68513,315.12935,12476.92252,80828.36674000001,373989.40935000003
150,92,"""СТАНДАРТ""",125000,0,0,2302.01403,91.44033999999999,254.79192,127648.24629000001,363386.81070000003
151,93,ФІНЕКСБАНК,122474,0,0,-6113.71655,62.190259999999995,0,116422.47371,326458.98774
152,94,"КРЕДИТ ОПТИМА БАНК",63000,0,0,370.62537000000003,5219.85217,0,68590.47753999999,325841.04859
153,95,"МЕЛІОР БАНК",120000,0,0,50.8196299999994,0,0,120050.81963000001,304617.8012
154,96,"""СТОЛИЧНИЙ""",121335,91.2874,0,281.29453,3009.3656800000003,4.7163200000000005,124721.66393000001,289756.83178999997
155,97,"""КОНКОРД""",108000,0,0,621.95376,5722.89037,0,114344.84413,287337.30378
156,98,ІНТЕРКРЕДИТБАНК,130000,0,0,193.36699,4.59699,0,130197.96398,283020.5785
157,99,"ОКСІ БАНК",116375,0,0,4065.77875,5258.17505,0,125698.9538,282622.96443000005
158,100,МОТОР-БАНК,120000,0,0,916.58584,1789.4956900000002,0,122706.08153000001,269827.48020000005
159,101,"""УКООПСПІЛКА""",42626.32447,0.37087,0,-4927.68141,8184.694549999999,57239.00835,103122.71683,259842.27466999998
160,102,ПРАЙМ-БАНК,61100,3920,0,1254.44994,13216.74819,10835.527,90326.72513,255212.88176
161,103,"""ЦЕНТР""",120000,0,0,730.27381,522.02727,0,121252.30107999999,245521.16442
162,104,"БАНК СОФІЙСЬКИЙ",120000,0,0,5.48359,0,0,120005.48359,242228.73508999997
163,105,"ПРОМИСЛОВО-ФІНАНСОВИЙ БАНК",106000,609,0,5744.558709999999,13882.82989,1344.04379,127580.43239,237159.69746999998
164,106,"""ЗЕМЕЛЬНИЙ КАПІТАЛ""",95220.5,0,0,33.3996499999998,5113.92453,7463.68092,107831.5051,227002.00154
165,107,"КОМЕРЦІЙНИЙ ІНДУСТРІАЛЬНИЙ БАНК",101276.68400000001,0,3503.782,8747.08487,3266.74828,5834.47548,122628.77463,221049.67281000002
166,108,"ЄВРОПЕЙСЬКИЙ БАНК РАЦІОН.ФІНАНС.",153000,0,0,9552.38223,6933.9633,13394.3598,182880.70533000003,219163.65729
167,109,"ГРІН БАНК",76650,6.88495,0,143.462539999998,11901.00139,0,88701.34887999999,213461.10862
168,110,РАДАБАНК,120000,0,0,993.76361,17424.62855,1075.54468,139493.93684,197284.89855
169,111,"БАНК НАРОДНИЙ КАПІТАЛ",80055.59,0,0,397.28177999999997,3190.82512,0,83643.6969,188206.36064000003
170,112,"БАНК ФАМІЛЬНИЙ",66600.05496,0,0,12.9287300000005,3517.7080100000003,14299.49397,84430.18567,168328.88653000002
171,113,ТММ-БАНК,66000,5764.93,0,-5435.521320000001,20794.95387,159.53816,87283.90071,167510.50019
172,114,УКРБУДІНВЕСТБАНК,120004.636,0,0,1502.1932,1590.55518,544.5,123641.88437999999,162380.94822
173,115,"СХІДНО-ПРОМИСЛ. КОМЕРЦ. БАНК",62544,0,0,4449.86629,4860.5463,0,71854.41258999999,149670.6433
174,116,"БАНК ВЕЛЕС",105000,5247,0,219.42078,8256.923990000001,3536.04523,122259.39,148313.43164
175,117,"УКРАЇНСЬКИЙ БАНК РЕКОНСТР.ТА РОЗВ.",117999.5,0,0,-32142.92631,3980.71961,0,89837.2933,147494.89957
176,118,"БАНК АЛЬЯНС",64778.9,0,0,0.911069999999903,7403.10523,0,72182.9163,88150.38375000001
