"Власний капітал банків України",,,,,,,,,,
"за станом на 01.07.2015",,,,,,,,,,
,,,,,,,,,(тис.грн.),
"№ з/п","№ з/гр","Назва банку","Статутний капітал* ","Емісійні різниці ","Незареєстровані внески до статутного капіталу","Нерозподілений прибуток (непокритий збиток)","Резервні та інші фонди банку","Резерви переоцінки","Усього власного капіталу ","Усього зобов'язань та власного капіталу"
,,,,,,,,,,
,,"Група І  ",,,,,,,,
1,1,ПРИВАТБАНК,19100760,20101.843,2158480.4256,946816.883600004,1448005.75101,1548418.22206,25222583.12527,240008677.55308
2,2,ОЩАДБАНК,29901320,0,0,-11737430.32356,269992.33954,641331.42627,19075213.44225,148148013.4233
3,3,УКРЕКСІМБАНК,21689041.7512,0,0,-13125754.82253,162926.09859,3174983.96274,11901196.99,144550810.61765
4,4,ПРОМІНВЕСТБАНК,12630960.54,5300,6377689.93,-14584365.93034,0,1899614.19127,6329198.73093,56698142.82988
5,5,"СБЕРБАНК РОСІЇ",3392460.5,270558,0,-2515898.08722,799293.17511,159777.39077,2106190.97866,52634264.79184
6,6,"РАЙФФАЙЗЕН БАНК АВАЛЬ",3002774.908,3033306.41984,0,-3283132.37281,316915.6489,883243.58682,3953108.19075,52414113.65328
7,7,УКРСОЦБАНК,2468022.8369,7027517.86115,5271511.3676,-10760025.28138,2332221.11485,2246921.28747,8586169.18659,45366763.60734
8,8,АЛЬФА-БАНК,4639120.959,6.46353,0,-3006139.34763,294047.61085,319735.25693,2246770.94268,40281885.4544
9,9,"ВТБ БАНК",10815784.405,1.1984,0,-7969493.31089,0,82256.103,2928548.39551,39221054.02769
10,10,"БАНК ФІНАНСИ ТА КРЕДИТ",3416410,0,1972000,-2261105.75993,0,45655.84521,3172960.08528,38881952.15414
11,11,УКРСИББАНК,1774333.04,811259.8416,0,-793544.3292,57985.49141,6826.71032,1856860.75413,35698652.27281
12,12,"ПЕРШИЙ УКР.МІЖНАРОДНИЙ БАНК",3294492.4,101659.63403,0,-958895.39885,688968.35032,761444.81103,3887669.79653,34183916.09496
13,13,"УКРГАЗБАНК ",12685560.695,135941.77628,0,-9409082.64751,226154.88168,240239.84592,3878814.55137,25787145.01986
14,14,"ОТП БАНК",3668186.13534,393453.08577,0,-2986314.90467,512356.06457,-5732.19628,1581948.18473,22636630.24352
,,"РАЗОМ по Групі І",132479228.17044002,11799106.1236,15779681.7232,-82444365.63292,7108866.526830001,12004716.44353,96727233.35468,976512021.74375
,,,,,,,,,,
,,"Група ІI ",,,,,,,,
15,1,"КРЕДІ АГРІКОЛЬ БАНК",1222928.76,0,0,40774.4957,289569.97402,0,1553273.22972,21594761.83638
16,2,"""ПІВДЕННИЙ""",956894,335564.02,0,216788.18291,135762.09489,230051.73467,1875060.03247,16922194.16488
17,3,"IHГ БАНК УКРАЇНА",731298.045,0,0,392519.60551,924731.84266,0,2048549.49317,13994205.56057
18,4,"СІТІБАНК ",66500,253090.78194,0,1120062.68236,206370.59537,-25268.14285,1620755.91682,11036126.18226
19,5,"""ХРЕЩАТИК""",1028828.944,0,0,-350515.41115,52055.40444,80879.0278,811247.96509,9875670.1232
20,6,"РОДОВІД БАНК",12359298.9996,535523.976,0,-10320345.13569,573038.31859,91084.90117,3238601.05967,8517885.5926
21,7,ФІДОБАНК,2316188.819,1390001.86726,0,-2288110.77853,9725.77688,100000.701,1527806.38561,8285906.26516
22,8,МЕГАБАНК,500000,138.44,120000,31291.51338,134588.93175,48474.49059,834493.37572,8252340.58957
23,9,КРЕДOБАНК,1918969.46916,38.05317,0,-1531236.13941,40175.66687,124090.15388,552037.20367,7786547.05704
24,10,"БАНК КРЕДИТ ДНІПРО",585000,0,250000,-459362.30769,59768.8272,96439.45797,531845.97748,7306545.63006
25,11,"ПЛАТИНУМ БАНК",499779.101,0,0,-255740.4756,37124.81256,0,281163.43796,7031541.98943
26,12,УКРІНБАНК,505000,11.77563,0.01442,68124.8810599999,42370.59181,235287.41127,850794.67419,6896939.08851
27,13,"УНІВЕРСАЛ БАНК",1175671.97,1375440.30841,0,-2154129.0551,0,860.86542,397844.08873,6487791.82351
28,14,ДІАМАНТБАНК,210000,0,0,2230.27206999995,77519.86282,0,289750.13489,6025193.35027
,,"РАЗОМ по Групі ІІ",24076358.10776,3889809.2224100004,370000.01442,-15487647.670179999,2582802.6998599996,981900.60092,16413222.975189999,140013649.25344
,,,,,,,,,,
,,"Група ІIІ  ",,,,,,,,
29,1,"БАНК ВОСТОК",307350,0,0,104841.80639,5447.00271,118.33098,417757.14008,6117382.00135
30,2,"ПРОКРЕДИТ БАНК",298333.22448,777.80336,96744.50532,58889.06215,113021.41781,0,567766.01312,5847212.77196
31,3,"БАНК ІНВЕСТИЦІЙ ТА ЗАОЩАДЖЕНЬ",500000,0,0,1438.84108,34633.42971,0,536072.27079,5047891.86669
32,4,"МІЖНАРОДНИЙ ІНВЕСТИЦІЙНИЙ БАНК",136306.5,0,0,10941.17787,2533.66897,0,149781.34684,4630332.67173
33,5,ПРАВЕКС-БАНК,954970,2130172.9585,0,-2480418.65067,1332.10769,271476.46688,877532.8824,4257435.87524
34,6,"БАНК HАЦІОНАЛЬНІ ІНВЕСТИЦІЇ",241000,0,0,1445.52255,66015.04117,-118.35681,308342.20691,4248378.50413
35,7,"""КЛІРИНГОВИЙ ДІМ""",439692.5,0,0,71126.4174,25030.4928,49886.44086,585735.85106,3997576.95663
36,8,ТАСКОМБАНК,299200,11,0,19385.54314,5359.02522,17588.18755,341543.75591,3597321.21205
37,9,ФОРТУНА-БАНК,265000,0,0,-92613.33236,54441.06511,158742.99955,385570.7323,3573853.23328
38,10,"ПІРЕУС БАНК МКБ",2077274.22,0,0,-1732229.03331,50284.77957,16121.53167,411451.49793,3388015.79398
39,11,АВАНТ-БАНК,321398.4,0,0,748.020610000007,1169.42189,-8711.30387,314604.53863,3251618.78951
40,12,"БМ БАНК",776397.35,0,855000,-767237.28287,138700.09528,-2.71102,1002857.45139,3144493.85624
41,13,"ВІЕС БАНК",420000,42000,0,85228.20605,35403.42364,52568.14956,635199.77925,2972445.8656
42,14,IНДУСТРІАЛБАНК,607798.0545,8021.50405,0,35338.68484,175968.07093,8969.31549,836095.62981,2918147.8321
43,15,"БТА БАНК  ",1500000,3.275,0,118788.25899,27647.76663,40558.31354,1686997.61416,2910113.15394
44,16,"МАРФІН БАНК ",435000.05,80211.7403,0,-253824.75773,82381.68166,38179.87706,381948.59129,2672928.45937
45,17,"ІДЕЯ БАНК",186181.159,52502.75306,0,-53049.02651,76067.11657,28146.27677,289848.27889,2671219.8634
46,18,"""АРКАДА""",220445.042,13.40704,0,49287.92524,54042.55537,7183.68802,330972.61767,2610335.57814
47,19,АКЦЕНТ-БАНК,125560,40.51219,0,47619.79001,41583.94355,1926.31657,216730.56232,2578101.67493
48,20,"КРЕДИТ ЄВРОПА БАНК ",252500,0,0,193843.36735,12248.0005,-4924.54844,453666.81941,2101848.22442
49,21,"БАНК ФОРВАРД",283000,0,0,9557.30742,2756.35475,0,295313.66217,1987464.57907
50,22,"ДІВІ БАНК",590000,0,0,577174.21366,1665.11661,0,1168839.33027,1449042.81189
51,23,"""СОЮЗ""",336000,0,0,945.649210000003,12119.3222,-113.3892,348951.58221,1200084.0023
52,24,ФІНБАНК,185050,43.584,0,-22377.73725,13780.17349,0.019,176496.03924,704946.035
,,"РАЗОМ по Групі ІІІ",11758456.49998,2313798.5375,951744.50532,-4015150.0267399997,1033631.0738299999,677595.6041599999,12720076.194050003,77878191.61294998
,,,,,,,,,,
,,"Група ІV",,,,,,,,
53,1,"БАНК МИХАЙЛІВСЬКИЙ",500000,0,0,37970.49683,363.78564,0,538334.28247,2521200.1061
54,2,"""ТК КРЕДИТ""",151828.75,5.4308,0,-632.33891000002,20757.80896,-12.36455,171947.2863,2178466.04624
55,3,"МІСТО БАНК",299980,1056.3,0,-95040.9586,49909.01503,63734.8611,319639.21753,1920551.02268
56,4,ЕКСПРЕС-БАНК,248767.757,0,0,72539.1329,83379.50353,47877.68695,452564.08038,1915289.25948
57,5,"""НОВИЙ""",150000,0,0,-64038.46667,0,2312.01285,88273.54618,1868729.7148
58,6,УНIКОМБАНК,460564.375,0,0,136306.50681,4047.42607,0,600918.30788,1703029.72301
59,7,"""КАПІТАЛ""",194078.895,1048.95,24243.3,-24161.26147,6833.86776,363.33909,202407.09038,1570414.70065
60,8,"РАДИКАЛ БАНК",120000,0,0,40069.67283,2050.58978,0,162120.26261,1510687.188
61,9,"ДОЙЧЕ БАНК ДБУ",228666.102,0,0,81752.4633,7248.30039,0,317666.86569,1476440.21295
62,10,"ПОЛТАВА - БАНК",119850,60.31201,0,14516.93483,84838.08728,81008.45015,300273.78427,1390380.13346
63,11,"ЮНЕКС БАНК",292000,4160.86042,0,-29329.79171,1376.58243,32863.9149,301071.56604,1389666.05115
64,12,ЄВРОБАНК,126670,0,0,2351.23209999999,131.69702,2461.9165,131614.84562,1357165.17935
65,13,"""ПРЕМIУМ""",260000,0,0,-731.59503,8115.12213,0,267383.5271,1352737.50626
66,14,"""ГЛОБУС""",160000,0,0,17331.44693,60000,0,237331.44693,1341390.05927
67,15,"""ЛЬВІВ""",252905.338,230.31264,15000,-157640.72501,9936.31654,38136.6035,158567.84567,1317750.57523
68,16,"ПЕРШИЙ ІНВЕСТИЦІЙНИЙ БАНК",230000,17924.436,0,-29147.8694,4668.20665,247.31246,223692.08571,1314794.02607
69,17,КОМІНВЕСТБАНК,125000,0,0,1690.27047999999,11565.24567,3462.61081,141718.12696,1223917.58511
70,18,"БАНК ПЕТРОКОММЕРЦ-УКРАЇНА",319474.505,124.44962,0,-27372.7368600001,45692.96632,8624.36533,346543.54941,1075892.85255
71,19,"БАНК ГРАНТ",130000,0,40000,2374.33282,20361.83313,33307.34856,226043.51451,1069431.7344
72,20,ЄВРОПРОМБАНК,120000,0,0,16782.50269,9562.14804,0,146344.65073,1053068.50229
73,21,"БАНК 3/4",350000,0,0,71219.29071,102619.11392,20661.37745,544499.78208,1007293.09985
74,22,"СЕБ КОРПОРАТИВНИЙ БАНК",250000,0,0,87539.62166,2840.29382,0,340379.91548,860031.00791
75,23,"IНТЕГРАЛ - БАНК",160000,14.15,0,1089.96964999998,33975.36219,0,195079.48184,851831.43995
76,24,АПЕКС-БАНК,205000,0,0,-22464.23799,2319.87795,0,184855.63996,833396.99728
77,25,"ЮНІОН СТАНДАРД БАНК",247526.31,7000,0,-15847.5126,27209.18793,0,265887.98533,799399.04987
78,26,"БАНК СІЧ",120000,0,0,8279.9868,353.72294,1335.54393,129969.25367,769952.51851
79,27,"БАНК ЮНІСОН",335145.5,0,0,25393.68677,4857.10553,-1513.50917,363882.78313,764027.14508
80,28,"БАНК СОФІЙСЬКИЙ",120000,0,0,95.77204,935.12375,0,121030.89579,763574.93179
81,29,"КРЕДИТВЕСТ БАНК",88045.2,2902.36496,14967.684,17465.21049,33878.8025,0,157259.26195,754565.2829
82,30,"БАНК КОНТРАКТ",86000,0,0,-20338.2984,11201.007,22808.14711,99670.85571,740081.3323
83,31,АРТЕМ-БАНК,86000,0,0,988.20199999999,11227.63737,-1546.18932,96669.65005,690128.91733
84,32,"ОКСІ БАНК",120000,0,25000,7118.57472,5445.21846,0,157563.79318,643439.18148
85,33,IНВЕСТБАНК,88678.4,0,0,2075.83483,14136.87471,18533.5997,123424.70924,610682.3997
86,34,"АСВІО БАНК",104000,27.22845,0.03,6129.36148,20332.8144,0,130489.43433,608596.59003
87,35,"БАНК АВАНГАРД",122000,0,14518,10068.59745,770.2601,-1121.19393,146235.66362,596821.11512
88,36,"БАНК БОГУСЛАВ",180000,0,0,8655.66029,6312.18339,2347.4254,197315.26908,591267.45902
89,37,МОТОР-БАНК,120000,0,0,45263.61511,2888.43889,6.4042,168158.4582,575772.37794
90,38,"БАНК ТРАСТ",69000,0,0,-1774.71718,1157.97045,12449.95698,80833.21025,563469.18905
91,39,МЕТАБАНК,110216.3502,1611.7943,0,4494.93672999999,7647.52455,6273.96205,130244.56783,558058.7342
92,40,АГРОКОМБАНК,102453.5,0.5,0,90.49766,11834.81861,18089.508,132468.82427,524942.35528
93,41,"БАНК УКРАЇНСЬКИЙ КАПІТАЛ",75997.82232,0,0,19045.63367,7940,1495.36122,104478.81721,495247.15813
94,42,АКОРДБАНК,96400,0,2410,6754.85724,1624.35408,410.7576,107599.96892,489903.38228
95,43,ПОЛІКОМБАНК,80300,0,0,3375.65084,18971.52806,49768.19193,152415.37083,477403.31911
96,44,"ВЕРНУМ БАНК",169500,0,0,343.450510000002,8073.26516,0.85,177917.56567,474965.99009
97,45,РАДАБАНК,120000,0,0,3035.51847,17769.62855,616.55368,141421.7007,440746.24767
98,46,РЕГІОН-БАНК,56481.279,11.70712,0,5716.67275,20619.41847,7181.05895,90010.13629,417882.67864
99,47,"СМАРТБАНК ",300000,0,0,1541.89188,3556.18334,0,305098.07522,406319.26738
100,48,"КСГ БАНК ",153000,0,0,22916.38661,7994.17727,14287.05699,198197.62087,381428.63277
101,49,УКРБУДІНВЕСТБАНК,120004.636,0,0,7134.12318,1829.2166,0,128967.97578,379158.46683
102,50,"""СТОЛИЧНИЙ""",151335,91.2874,0,-169479.51309,4688.25745,4.71632,-13360.25192,366207.61737
103,51,"""ТРАСТ-КАПІТАЛ""",63367.5,0,0,-7868.22201,23117,6226.33508,84842.61307,358134.30332
104,52,КЛАСИКБАНК,220000,0,0,429.46308,5455.68725,0,225885.15033,344109.56453
105,53,"БАНК НАРОДНИЙ КАПІТАЛ",122055.59,0,0,42459.48143,6123.47076,0,170638.54219,339617.53435
106,54,"НЕОС БАНК",126115.848,40.6982,0,1623.8897,4457.0847,977.81941,133215.34001,335714.02644
107,55,"""КОНКОРД""",155000,0,0,916.472269999998,8505.00339,0,164421.47566,323419.77707
108,56,"""РОЗРАХУНКОВИЙ ЦЕНТР""",153100,0,0,63970.72154,1271.46429,0,218342.18583,314056.24021
109,57,"БАНК ВЕЛЕС",105000,5247,0,36074.8462,9039.20685,3054.83553,158415.88858,305567.88371
110,58,"ПРОМИСЛОВО-ФІНАНСОВИЙ БАНК",113208,609,7176.2,3995.92392,14416.58,0,139405.70392,291444.79583
111,59,"БАНК ФАМІЛЬНИЙ",66600.05496,0,0,2.51648000000205,3592.39221,14299.49397,84494.45762,256610.15147
112,60,ФІНЕКСБАНК,122474,0,0,412.49315,0,0,122886.49315,249049.92003
113,61,КРИСТАЛБАНК,120522.5,0,0,22432.61412,0,0,142955.11412,243996.71329
114,62,"""ФІНАНСОВИЙ ПАРТНЕР""",125000,0,0,5624.3752,5064.72185,-1583.97793,134105.11912,241340.69214
115,63,"""ЗЕМЕЛЬНИЙ КАПІТАЛ""",106220.5,0,0,-7095.24653,0,7454.71405,106579.96752,226231.16646
116,64,"ФІНАНС БАНК",176000,5764.93,0,320.34276,20428.50336,480.47122,202994.24734,218534.80269
117,65,"КОМЕРЦІЙНИЙ ІНДУСТРІАЛЬНИЙ БАНК",112417.11924,0,0,11038.49961,3507.79915,5834.47548,132797.89348,198812.48358
118,66,"ІНВЕСТИЦІЙНО-ТРАСТОВИЙ БАНК",129000,0,0,3136.68488,954.08504,0,133090.76992,194196.63348
119,67,"КРЕДИТ ОПТИМА БАНК",63000,0,0,49.60301,5681.61028,0,68731.21329,193667.85987
120,68,"""ЦЕНТР""",120000,0,0,5021.0873,5903.66534,0,130924.75264,168014.98954
121,69,"ВЕКТОР БАНК",121000,0,0,1078.13509,320.62811,0,122398.7632,164776.51309
122,70,"БАНК АЛЬЯНС",64778.9,0,0,6480.19831,22790.7732,410.84305,94460.71456,160477.5175
123,71,"БАНК ПОРТАЛ",125000,0,0,8929.61971,58.53685,0,133988.15656,154462.64658
124,72,"АЛЬПАРІ БАНК",122000,0,0,5086.3602,51.75598,9452.66317,136590.77935,147084.07451
125,73,ДЕРЖЗЕМБАНК,120000,0,0,3921.96825,0,0,123921.96825,134797.24282
126,74,"""ГЕФЕСТ""",121000,0,0,6053.35584,64.39977,0,127117.75561,127303.46688
127,75,"УКРАЇНСЬКИЙ БАНК РЕКОНСТР.ТА РОЗВ.",117999.5,0,0,-60178.88473,3987.4967,1228.64907,63036.76104,126368.03451
,,"РАЗОМ по Групі ІV",11867729.23172,47931.71192000001,143315.214,285434.2719199999,970639.7348900001,534313.9588400001,13849364.123290002,54805385.09780998
,,"РАЗОМ по платоспроможним банкам",180181772.00990003,18050645.59543,17244741.456940003,-101661729.05792,11695940.03541,14198526.607450001,139709896.64721,1249209247.7079499
,,,,,,,,,,
,,"Неплатоспроможні банки",,,,,,,,
1,1,"ДЕЛЬТА БАНК",3727000,0,1167000,-44001375.6189,975715.47009,-146174.98986,-38277835.13867,23064450.65522
2,2,"""ФІНАНСОВА ІНІЦІАТИВА""",2840000,0,0,-2854360.02972,60107.54217,0,45747.51245,15311927.75409
3,3,"ВСЕУКРАЇНСЬКИЙ БАНК РОЗВИТКУ",567492,0,0,-480197.92205,84035.92996,0,171330.00791,6201740.35189
4,4,"БАНК КИЇВСЬКА РУСЬ ",600000,0,74800,-1835522.28818,21075.6352,72174.83616,-1067471.81682,5225967.75402
5,5,"УКРАЇНСЬКИЙ ПРОФЕСІЙНИЙ БАНК",500000,9539.7816,0,-930841.43004,116652.11204,-3250.47074,-307900.00714,1349993.92779
6,6,"БАНК НАЦІОНАЛЬНИЙ КРЕДИТ",208310.75,54132.069,0,-516259.33353,39374.36201,0,-214442.15252,1295865.61611
7,7,УКРГАЗПРОМБАНК,124200,0,0,-350314.66566,19256.30856,8938.28673,-197920.07037,581437.19308
8,8,"АСТРА БАНК",150104.85,0,0,-160289.82967,7032.26101,0,-3152.71866,10156.91959
9,9,"ОМЕГА БАНК",0,0,0,0,0,0,0,0
10,10,УКРКОМУНБАНК,0,0,0,0,0,0,0,0
,,"РАЗОМ по неплатоспроможним банкам",8717107.6,63671.850600000005,1241800,-51129161.117750004,1323249.62104,-68312.33770999999,-39851644.383820005,53041540.17178999
,,"РАЗОМ по банківській системі",188898879.60990003,18114317.446030002,18486541.456940003,-152790890.17567,13019189.65645,14130214.26974,99858252.26339,1302250787.8797398
