,,,,,,,,,,Додаток,,
"Власний капітал банків України",,,,,,,,,,,,
"станом на 01.10.2015",,,,,,,,,,,,
,,,,,,,,,,,"(тис. грн.)",
"№ з/п","№ з/гр",NKB,МФО,"Назва банку","Статутний капітал* ","Емісійні різниці ","Незареєстровані внески до статутного капіталу","Нерозподілений прибуток (непокритий збиток)","Резервні та інші фонди банку","Резерви переоцінки","Усього власного капіталу ","Усього зобов'язань та власного капіталу"
,,,,,,,,,,,,
,,,,"Група І  ",,,,,,,,
1,1,46,305299,ПРИВАТБАНК,21256468.8,22873.4686,0,978425.927899994,1448005.75101,1571266.78767,25277040.73518,241809360.108
2,2,6,300465,ОЩАДБАНК,29901320,0,0,-14324432.71196,269992.33954,1122257.61573,16969137.24331,156596305.69497
3,3,2,322313,УКРЕКСІМБАНК,21689041.7512,0,0,-17602481.24489,162926.09859,2262634.78459,6512121.38949,140192251.2236
4,4,3,300012,ПРОМІНВЕСТБАНК,19008692.32,5300,0,-14717905.82826,0,1967808.32191,6263894.81365,55885485.15285
5,5,299,320627,"СБЕРБАНК РОСІЇ",3392460.5,270558,0,-2510430.81891,799293.17511,166726.91458,2118607.77078,53748100.81324
6,6,36,300335,"РАЙФФАЙЗЕН БАНК АВАЛЬ",3002774.908,3033306.41984,0,-3342112.39401,316915.6489,832271.92185,3843156.50458,52638746.4251
7,7,5,300023,УКРСОЦБАНК,7739534.2045,7027517.86115,0,-11121287.42375,2332221.11485,2248172.82821,8226158.58496,43079587.12992
8,8,272,300346,АЛЬФА-БАНК,4639120.959,6.46353,0,-3292425.19852,294047.61085,318802.05758,1959551.89244,41903836.20938
9,9,136,351005,УКРСИББАНК,1774333.04,811259.8416,0,-781356.86643,57985.49141,6823.46998,1869044.97656,38084273.95054
10,10,115,334851,"ПЕРШИЙ УКР.МІЖНАРОДНИЙ БАНК",3294492.4,101659.63403,0,-804984.981980002,688968.35032,760658.16836,4040793.57073,35865287.86552
11,11,274,320478,"УКРГАЗБАНК ",13318560.695,135941.77628,0,-9275519.0474,226154.88168,211490.69566,4616629.00122,34044279.86926
12,12,42,321767,"ВТБ БАНК",10815784.405,1.1984,14500000,-22860489.2851,0,80059.69852,2535356.01682,25278526.59024
13,13,296,300528,"ОТП БАНК",3668186.13534,393453.08577,0,-3275226.62514,512356.06457,-3571.53599,1295197.12455,23055492.97021
,,,,"РАЗОМ по Групі І",143500770.11804003,11801877.749200001,14500000,-102930226.49845001,7108866.526830001,11545401.72865,85526689.62427,942181534.00283
,,,,,,,,,,,,
,,,,"Група ІI ",,,,,,,,
14,1,171,300614,"КРЕДІ АГРІКОЛЬ БАНК",1222928.76,0,0,-31707.11069,289569.97402,0,1480791.62333,21882097.92456
15,2,106,328209,"""ПІВДЕННИЙ""",956894,335564.02,0,232691.54219,135762.09489,229831.38599,1890743.04307,17345813.34441
16,3,295,300539,"IHГ БАНК УКРАЇНА",731298.045,0,0,445681.99035,924731.84266,0,2101711.87801,14055911.68712
17,4,297,300584,"СІТІБАНК ",66500,253090.78194,0,1550417.14464,206370.59537,-2505.64584,2073872.87611,12464149.06814
18,5,202,300670,"""ХРЕЩАТИК""",1028828.944,0,0,-508695.93405,52055.40444,78923.76426,651112.17865,10089581.92651
19,6,126,351629,МЕГАБАНК,620000,138.44,0,13072.0236900001,134588.93175,49107.76119,816907.15663,8507812.96005
20,7,66,321712,"РОДОВІД БАНК",12359298.9996,535523.976,0,-10348555.76133,573038.31859,80834.23846,3200139.77132,8432505.32851
21,8,88,325365,КРЕДOБАНК,1918969.46916,38.05317,330000,-1466277.14639,40175.66687,160313.76071,983219.80352,8146011.59779
22,9,22,300175,ФІДОБАНК,2316188.819,1390001.86726,291644.715,-2739005.35461,9725.77688,38855.87069,1307411.69422,7615797.16298
23,10,270,305749,"БАНК КРЕДИТ ДНІПРО",835000,0,0,-560014.99582,59768.8272,96439.45797,431193.28935,7413290.37381
24,11,316,380388,"ПЛАТИНУМ БАНК",499779.101,0,317502.518,-448106.53841,37124.81256,6152.03021,412451.92336,6947225.80555
25,12,242,322001,"УНІВЕРСАЛ БАНК",1175671.97,1375440.30841,0,-2058576.95253,0,860.93636,493396.26224,6484065.10349
26,13,232,320854,ДІАМАНТБАНК,210000,0,0,728.823290000204,77519.86282,0,288248.68611,6067722.09059
27,14,18,300142,УКРІНБАНК,505000,11.77563,115000,3849.54639999988,55886.30218,199873.64147,879621.26568,5831990.2624
,,,,"РАЗОМ по Групі ІІ",24446358.10776,3889809.2224100004,1054147.233,-15914498.723269997,2596318.41023,938687.20147,17010821.451599997,141283974.63591
,,,,,,,,,,,,
,,,,"Група ІIІ  ",,,,,,,,
28,1,298,320984,"ПРОКРЕДИТ БАНК",298333.22448,777.80336,120931.10844,83040.91635,113021.41781,0,616104.47044,6791252.39938
29,2,305,307123,"БАНК ВОСТОК",307350,0,0,113786.21076,5447.00271,54.4798,426637.69327,6624307.7251
30,3,320,380281,"БАНК ІНВЕСТИЦІЙ ТА ЗАОЩАДЖЕНЬ",500000,0,0,1900.63923,34633.42971,0,536534.06894,5252631.89517
31,4,389,380582,"МІЖНАРОДНИЙ ІНВЕСТИЦІЙНИЙ БАНК",136306.5,0,0,16170.38676,2533.66897,0,155010.55573,4740981.38992
32,5,153,380838,ПРАВЕКС-БАНК,954970,2130077.9585,754189.5,-2910911.59856,1332.10769,271810.20794,1201468.17557,4341266.90516
33,6,62,339500,ТАСКОМБАНК,299200,11,8800,16141.5139,5359.02522,17588.18755,347099.72667,3519592.57669
34,7,403,380708,АВАНТ-БАНК,321398.4,0,0,881.19021000003,1169.42189,-8722.05581,314726.95629,3273894.15449
35,8,288,300647,"""КЛІРИНГОВИЙ ДІМ""",439692.5,0,0,109030.20081,25030.4928,49882.48004,623635.67365,3272844.46644
36,9,251,300658,"ПІРЕУС БАНК МКБ",2077274.22,0,0,-1727428.10892,50284.77957,15581.41702,415712.30767,3176302.33679
37,10,97,325213,"ВІЕС БАНК",420000,42000,0,140440.49631,35403.42364,52568.14956,690412.06951,3144477.36163
38,11,304,300904,ФОРТУНА-БАНК,265000,0,100000,-100083.12112,54441.06511,158742.99955,478100.94354,3132847.06489
39,12,321,380913,"БМ БАНК",1631397.35,0,0,-816233.60575,138700.09528,-2.71102,953861.12851,3131812.98343
40,13,191,322335,"""АРКАДА""",220445.042,13.40704,0,80474.27995,54042.55537,9314.03811,364289.32247,2987891.43262
41,14,101,313849,IНДУСТРІАЛБАНК,607798.0545,8021.50405,0,42094.23655,175968.07093,8969.31549,842851.18152,2892013.15231
42,15,105,328168,"МАРФІН БАНК ",435000.05,80211.7403,0,-241986.75698,82381.68166,38502.70308,394109.41806,2841485.0959
43,16,129,321723,"БТА БАНК  ",1500000,3.275,0,62053.58837,36884.48544,19907.40565,1618848.75446,2834152.8278
44,17,96,307770,АКЦЕНТ-БАНК,125560,40.51219,0,53136.7456999999,41583.94355,13633.17998,233954.38142,2806175.53095
45,18,142,336310,"ІДЕЯ БАНК",186181.159,52502.75306,99999.998,-145246.08797,76067.11657,28146.27677,297651.21543,2661980.02147
46,19,325,380418,"БАНК ФОРВАРД",283000,0,0,8988.92112,2756.35475,0,294745.27587,1957933.25032
47,20,329,380366,"КРЕДИТ ЄВРОПА БАНК ",252500,0,0,214817.89704,12248.0005,-3004.11017,476561.78737,1856577.0165
48,21,385,380515,"""СОЮЗ""",336000,0,0,1205.90203,12119.3222,-113.3892,349211.83503,1137558.26753
49,22,463,380827,"ДІВІ БАНК",590000,0,0,174929.23978,1665.11661,0,766594.35639,979527.01278
50,23,122,328685,ФІНБАНК,185050,43.584,0,-21128.0604399999,13780.17349,0.019,177745.71605,719221.76564
,,,,"РАЗОМ по Групі ІІІ",12372456.49998,2313703.5375,1083920.60644,-4843924.974869999,976852.7514700003,672858.5933399999,12575867.013860002,74076726.63291
,,,,,,,,,,,,
,,,,"Група ІV",,,,,,,,
51,1,533,380935,"БАНК МИХАЙЛІВСЬКИЙ",500000,0,0,39107.394,363.78564,0,539471.17964,2624626.08829
52,2,260,322830,"""ТК КРЕДИТ""",151828.75,5.4308,0,4044.12087000001,20757.80896,-244.68026,176391.43037,1947457.36386
53,3,206,328760,"МІСТО БАНК",299980,1056.3,0,-109996.94638,49909.01503,63734.8611,304683.22975,1921053.2269
54,4,48,305062,"""НОВИЙ""",150000,0,0,-65502.9793,0,2377.25999,86874.28069,1828505.04655
55,5,262,322959,ЕКСПРЕС-БАНК,248767.757,0,0,80267.97208,83379.50353,47877.68695,460292.91956,1826399.1316
56,6,379,339555,"""ПРЕМIУМ""",260000,0,0,-182.47622,8115.12213,0,267932.64591,1753782.48442
57,7,318,380355,ЄВРОБАНК,126670,0,0,2571.09034,131.69702,2771.43429,132144.22165,1633884.1012
58,8,306,335902,УНIКОМБАНК,460564.375,0,0,136201.72215,4047.42607,0,600813.52322,1623475.58199
59,9,407,380731,"ДОЙЧЕ БАНК ДБУ",228666.102,0,0,117153.45502,7248.30039,0,353067.85741,1560471.96821
60,10,113,331489,"ПОЛТАВА - БАНК",119850,60.31201,0,21942.02734,84838.08728,227163.16955,453853.59618,1506125.03307
61,11,231,322539,"ЮНЕКС БАНК",292000,4160.86042,0,-47063.9037,1376.58243,32883.9149,283357.45405,1374168.81867
62,12,91,325268,"""ЛЬВІВ""",252905.338,230.31264,15000,-157703.72575,9936.31654,38136.6035,158504.84493,1315463.51651
63,13,386,380526,"""ГЛОБУС""",160000,0,0,17962.31282,60000,0,237962.31282,1303064.94956
64,14,290,300506,"ПЕРШИЙ ІНВЕСТИЦІЙНИЙ БАНК",230000,17924.436,0,-28975.0472,4668.20665,-99.18454,223518.41091,1169961.53
65,15,455,380797,"СЕБ КОРПОРАТИВНИЙ БАНК",250000,0,0,110159.12557,2840.29382,0,362999.41939,1149071.35073
66,16,143,312248,КОМІНВЕСТБАНК,125000,0,0,2292.67660999999,11565.24567,3462.61081,142320.53309,1141304.06657
67,17,123,351607,"БАНК ГРАНТ",170000,0,0,2554.22899,20361.83313,33306.82558,226222.8877,1092807.30662
68,18,395,377090,ЄВРОПРОМБАНК,120000,0,0,57126.47912,9562.14804,0,186688.62716,1052167.49787
69,19,283,300120,"БАНК ПЕТРОКОММЕРЦ-УКРАЇНА",319474.505,124.44962,0,-26814.14365,45692.96632,8183.64489,346661.42218,951847.5516
70,20,47,305987,"ЮНІОН СТАНДАРД БАНК",247526.31,7000,0,-5695.40093999996,27209.18793,0,276040.09699,903525.44304
71,21,513,380902,"БАНК ЮНІСОН",335145.5,0,0,10224.69481,4857.10553,-2714.64523,347512.65511,825890.31615
72,22,460,380816,"БАНК СІЧ",120000,0,0,12826.36555,353.72294,0,133180.08849,799743.72846
73,23,394,380645,"БАНК 3/4",350000,0,0,7794.32803999993,71378.12265,20722.30408,449894.75477,781614.60902
74,24,406,380720,АПЕКС-БАНК,205000,0,0,-25105.90899,2319.87795,0,182213.96896,779305.15012
75,25,331,380441,"КРЕДИТВЕСТ БАНК",103012.884,2902.36496,0,24791.9256,33878.8025,0,164585.97706,751690.94832
76,26,490,380861,"БАНК СОФІЙСЬКИЙ",120000,0,17000,278.15685,935.12375,0,138213.2806,738756.28868
77,27,201,322465,"БАНК КОНТРАКТ",86000,0,0,-20323.1944,11201.007,22808.14711,99685.95971,673427.77189
78,28,95,325990,"ОКСІ БАНК",120000,0,25000,6665.19852,5445.21846,0,157110.41698,641546.72185
79,29,133,353489,"АСВІО БАНК",104000,27.22845,16000.0591,6734.61688,20332.8144,0,147094.71883,633091.29512
80,30,774,339072,"""РВС БАНК""",121522.5,0,0,251317.69938,0,0,372840.19938,633006.19328
81,31,205,313582,МЕТАБАНК,110216.3502,1611.7943,0,8255.56689,7647.52455,6267.06364,133998.29958,623907.75434
82,32,328,380322,"БАНК БОГУСЛАВ",180000,0,0,8818.63258,6312.18339,4411.99913,199542.8151,608670.07653
83,33,380,380474,"БАНК ТРАСТ",69000,0,0,-1595.26554,1157.97045,12449.95698,81012.66189,602089.9438
84,34,303,300885,АРТЕМ-БАНК,86000,0,0,1282.73952,11227.63737,-1985.08173,96525.29516,586528.30011
85,35,241,322302,АГРОКОМБАНК,102453.5,0.5,20001,109.20417,11834.81861,18089.508,152488.53078,562281.17872
86,36,381,313009,МОТОР-БАНК,120000,0,0,46094.42436,2888.43889,20.46,169003.32325,526706.27102
87,37,146,320371,"БАНК УКРАЇНСЬКИЙ КАПІТАЛ",80998.22232,0,3400.002,5270.27197,7940,1495.36122,99103.85751,506885.63256
88,38,309,380311,ФІНЕКСБАНК,122474,0,0,607.83187,0,0,123081.83187,497451.19243
89,39,49,353100,ПОЛІКОМБАНК,80300,0,0,3399.26976,18971.52806,49768.19193,152438.98975,474591.8235
90,40,109,328210,IНВЕСТБАНК,88678.4,0,0,2959.62378,14136.87471,18533.5997,124308.49819,437981.17512
91,41,286,306500,РАДАБАНК,120000,0,11000,6617.55015,17769.62855,-0.003,155387.1757,432797.93921
92,42,237,380292,"КСГ БАНК ",153000,0,0,23361.69605,7994.17727,14287.05699,198642.93031,421337.74611
93,43,276,306704,КЛАСИКБАНК,220000,0,0,641.57018,5455.68725,0,226097.25743,421132.2235
94,44,392,380634,АКОРДБАНК,96400,0,2410,6722.95649,1624.35408,0,107157.31057,408763.36082
95,45,402,380689,"ВЕРНУМ БАНК",169500,0,0,-42465.155,8073.26516,0.85,135108.96016,405309.48565
96,46,128,351254,РЕГІОН-БАНК,56481.279,11.70712,0,6452.53701000003,20619.41847,7181.05895,90746.00055,393405.08796
97,47,433,380786,"СМАРТБАНК ",257500,42075,0,1649.65688000001,3556.18334,0,304780.84022,392638.95469
98,48,694,339050,КРИСТАЛБАНК,120522.5,0,0,48667.91759,0,0,169190.41759,361772.74191
99,49,553,380946,"БАНК АВАНГАРД",136518,0,0,19955.45946,770.2601,-12.1688,157231.55076,360921.94978
100,50,294,331768,"ПРОМИСЛОВО-ФІНАНСОВИЙ БАНК",120384.2,609,0,10040.86257,14416.58,0,145450.64257,359930.70245
101,51,377,380377,УКРБУДІНВЕСТБАНК,120004.636,0,0,7136.75177,1829.2166,0,128970.60437,355363.14758
102,52,169,322432,"БАНК НАРОДНИЙ КАПІТАЛ",122055.59,0,0,48876.91099,6123.47076,0,177055.97175,349470.7729
103,53,326,307350,"""КОНКОРД""",155000,0,0,1408.4035,8505.00339,0,164913.40689,339713.96514
104,54,311,380106,"""ТРАСТ-КАПІТАЛ""",63367.5,0,0,-11164.1614,23117,6224.67682,81545.01542,321262.19518
105,55,255,322799,"БАНК ВЕЛЕС",105000,5247,0,45515.36682,9039.20685,3054.83553,167856.4092,314177.18205
106,56,593,344443,"""РОЗРАХУНКОВИЙ ЦЕНТР""",153100,0,0,39566.11767,26390.01472,0,219056.13239,310686.70235
107,57,43,320940,"НЕОС БАНК",126115.848,40.6982,0,-7322.65987999999,4457.0847,977.81941,124268.79043,298546.77691
108,58,72,334840,"БАНК ФАМІЛЬНИЙ",66600.05496,0,0,-2503.58941,3592.39221,14299.49397,81988.35173,250255.2443
109,59,240,322540,"КОМЕРЦІЙНИЙ ІНДУСТРІАЛЬНИЙ БАНК",112417.11924,0,0,16499.79384,3507.79915,5834.47548,138259.18771,247199.69994
110,60,243,305880,"""ЗЕМЕЛЬНИЙ КАПІТАЛ""",106220.5,0,0,-12941.3948,0,7454.71405,100733.81925,226005.30984
111,61,159,300896,"ФІНАНС БАНК",176000,5764.93,0,959.118609999998,20428.50336,541.22521,203693.77718,219210.74101
112,62,430,380742,"""ЦЕНТР""",120000,0,0,4258.5499,5903.66534,0,130162.21524,183653.9001
113,63,674,339038,"ВЕКТОР БАНК",121000,0,0,1336.50211,320.62811,0,122657.13022,171477.22192
114,64,510,380872,"""ФІНАНСОВИЙ ПАРТНЕР""",125000,0,0,5965.40785,709.72185,2141.26385,133816.39355,169449.84687
115,65,334,380571,"КРЕДИТ ОПТИМА БАНК",63000,0,0,1362.76748,5681.61028,0,70044.37776,164107.31557
116,66,387,380548,"АСТРА БАНК",160000,150104.849,0,-164295.64072,7032.26101,0,152841.46929,162898.36789
117,67,634,339016,"БАНК ПОРТАЛ",125000,0,0,12593.52649,58.53685,0,137652.06334,159752.48223
118,68,512,380894,"АЛЬПАРІ БАНК",122000,0,0,4225.116,51.75598,9961.81445,136238.68643,144544.21861
119,69,594,380968,ДЕРЖЗЕМБАНК,120000,0,0,6556.36267,0,0,126556.36267,137293.37837
120,70,573,380957,"ІНВЕСТИЦІЙНО-ТРАСТОВИЙ БАНК",129000,0,0,991.55599,954.08504,0,130945.64103,131105.31053
121,71,313,380883,"УКРАЇНСЬКИЙ БАНК РЕКОНСТР.ТА РОЗВ.",117999.5,0,0,-61723.67825,3987.4967,1002.65865,61265.9771,124766.68164
122,72,654,377120,"""ГЕФЕСТ""",121000,0,0,2030.39233,64.39977,0,123094.7921,123305.24423
123,73,29,300119,"БАНК АЛЬЯНС",64778.9,0,0,-9930.51996000001,22790.7732,-23101.00048,54538.15276,112223.89854
,,,,"РАЗОМ по Групі ІV",11563000.120720001,238957.17351999998,109811.06109999999,510900.2143499999,919646.4778799999,659269.7826699999,14001584.83024,51338808.22406002
,,,,"РАЗОМ по платоспроможним банкам",191882584.84650004,18244347.682630002,16747878.90054,-123177749.98224,11601684.16641,13816217.306130001,129114962.91997,1208881043.4957101
,,,,,,,,,,,,
,,,,"Неплатоспроможні банки",,,,,,,,
124,1,17,300131,"БАНК ФІНАНСИ ТА КРЕДИТ",5388410,0,0,-9539008.79611,0,45655.63009,-4104943.16602,28009110.91615
125,2,317,380054,"""ФІНАНСОВА ІНІЦІАТИВА""",2840000,0,0,-5255047.39808,60107.54217,0,-2354939.85591,13335777.97107
126,3,405,380719,"ВСЕУКРАЇНСЬКИЙ БАНК РОЗВИТКУ",567492,0,0,-1251262.96657,84035.92996,0,-599735.03661,5548504.75504
127,4,227,300498,"БАНК HАЦІОНАЛЬНІ ІНВЕСТИЦІЇ",241000,0,0,-7012.98122,66015.04117,779.66514,300781.72509,1832107.60681
128,5,57,334828,"""КАПІТАЛ""",194078.895,1048.95,24243.3,-238175.81322,6833.86776,363.33909,-11607.46137,853259.14588
129,6,30,320735,"IНТЕГРАЛ - БАНК",160000,14.15,0,-46751.63139,33975.36219,0,147237.8808,809242.43752
130,7,409,319111,"РАДИКАЛ БАНК",120000,0,0,-567513.95788,2050.58978,0,-445463.3681,413092.24007
,,,,"РАЗОМ по неплатоспроможним банкам",9510980.895,1063.1,24243.3,-16904773.54447,253018.33302999998,46798.63432,-7068669.282120001,50801095.07254
,,,,"РАЗОМ по банківській системі",201393565.74150005,18245410.782630004,16772122.20054,-140082523.52671,11854702.49944,13863015.940450002,122046293.63785,1259682138.5682502
