,,,,,,,,Додаток,,
"Власний капітал банків України",,,,,,,,,,
"за станом на 01.10.2012",,,,,,,,,,
,,,,,,,,,(тис.грн.),
"№ з/п","№ з/гр","Назва банку","Статутний капітал ","Емісійні різниці ","Незареєстровані внески до статутного капіталу","Нерозподілений прибуток (непокритий збиток)","Резервні та інші фонди банку","Резерви переоцінки","Усього власного капіталу ","Усього зобов'язань та власного капіталу"
,,,,,,,,,,
,,"Група I ",,,,,,,,
1,1,ПРИВАТБАНК,14897555.475,19708.978,0,1148203.51883,1250568.6093300001,438325.72073,17754362.30189,164562827.62778
2,2,ОЩАДБАНК,15537900,0,0,1087677.4272,126498.7732,1121748.18964,17873824.390040003,86474149.31393
3,3,УКРЕКСІМБАНК,16446817.65882,0,0,143753.92062,146232.67673,1009185.6091700001,17745989.865340002,78674428.88321
4,4,"РАЙФФАЙЗЕН БАНК АВАЛЬ",3002746.3906,3033221.29557,0,-961040.29456,278625.33012,976101.40076,6329654.12249,47433689.176810004
5,5,ПРОМІНВЕСТБАНК,5298714.52,0,0,-2420400.39653,0,2166383.03681,5044697.16028,41823696.79624
6,6,УКРСОЦБАНК,1270000,1001010.71243,0,23477.4992100001,2163895.42717,2043481.26418,6501864.902989999,40348799.47169
7,7,"ВТБ БАНК",5415784.405,0,0,-1788412.56544,0,162644.93748000002,3790016.77704,34488614.09853
8,8,"ДЕЛЬТА БАНК",2327000,0,0,61699.193030000104,567639.627,-16580.65539,2939758.16464,31612360.08061
9,9,"ПЕРШИЙ УКР.МІЖНАРОДНИЙ БАНК",3294492.4,101659.63403,0,-601220.21637,649551.2450400001,699706.8913199999,4144189.95402,31591570.23976
10,10,УКРСИББАНК,1774333.04,811259.8415999999,0,-7913581.45297,7940712.37354,7942.8102,2620666.61237,29085228.1411
11,11,АЛЬФА-БАНК,4639120.959,6.46353,0,-888470.8036,247335.34502,84253.65858,4082245.6225300003,27456663.781719998
12,12,"""НАДРА""",3890362.66,638909.57829,0,-689195.9841300001,100.05398,189622.35138,4029798.65952,25308230.530360002
13,13,"СБЕРБАНК РОСІЇ",3392460.5,270558,0,-1194722.0854699998,364732.21877,143388.63375,2976417.2670500004,22704800.84793
14,14,"БАНК ФІНАНСИ ТА КРЕДИТ",2000000,0,0,-252200.13573,0,32639.883879999998,1780439.74815,22607222.64666
15,15,"УКРГАЗБАНК ",10000000,135941.77628,0,-7361404.63803,10058.02125,244424.86466,3029020.02416,19965356.7818
16,16,"ОТП БАНК",2868190.52175,2754.16982,0,308428.03994000005,57422.11084,0,3236794.84235,19956285.92024
17,17,БРОКБІЗНЕСБАНК,2524140,0,0,10010.28404,57271.46508,318071.81998,2909493.5691,17599380.812439997
,,,,,,,,,,
,,,,,,,,,,
,,"Група II ",,,,,,,,
18,1,"ВIEЙБI БАНК",1848619.1327,430119.42807,500000.00035,-1805815.51543,16128.74352,64506.739870000005,1053558.52908,12760835.15726
19,2,КРЕДИТПРОМБАНК,2635938.34,200462.08716,0,-771179.64351,0,49845.5515,2115066.33515,12548130.51532
20,3,"IHГ БАНК УКРАЇНА",731298.045,0,0,770021.5282399999,366749.8615,0,1868069.43474,12120968.92695
21,4,"ЕРСТЕ БАНК",1380500,1130000,0,-889904.84424,3528.68526,34821.23244,1658945.07346,10333543.45503
22,5,"""ПІВДЕННИЙ""",956894,335564.02,0,95271.32172,127738.55687,118688.55741000001,1634156.456,10004715.36653
23,6,"""ФІНАНСОВА ІНІЦІАТИВА""",1850000,0,0,916.384650000055,57818.6817,0,1908735.06635,9977154.65457
24,7,"БАНК КРЕДИТ ДНІПРО",315000,0,0,1032.87163,188320.96365000002,91049.28227000001,595403.1175500001,9438931.085730001
25,8,"""ХРЕЩАТИК""",828828,0,0,-238001.80799,36354.404440000006,31131.76109,658312.35754,9404376.20827
26,9,"УНІВЕРСАЛ БАНК",1162671.97,887485.30841,0,-1532228.50244,27985.60491,614.82059,546529.20147,9340263.30973
27,10,"БАНК ФОРУМ",5934618.92,0,0,-4594531.1840699995,38637.5393,99640.36549,1478365.64072,9248855.65852
28,11,"РОДОВІД БАНК",12359298.999599999,535523.9759999999,0,-10029548.60935,573038.31859,70893.67083,3509206.35567,8868445.256520001
29,12,IМЕКСБАНК,1140000,0,0,2324.73936,85053.93628000001,3794.88199,1231173.55763,8502585.62208
30,13,"КРЕДІ АГРІКОЛЬ БАНК",1050000,0,0,-309777.46287000005,32055.99293,-5418.37486,766860.1552,8165699.38963
31,14,"БАНК КИЇВСЬКА РУСЬ ",416080,0,69000,-88954.48748,20903.89936,84722.53213,501751.94401,5987381.26938
32,15,"СІТІБАНК ",66500,253090.78194,0,298990.44009,95172.05081999999,-36925.86617,676827.40668,5736340.82866
33,16,"БТА БАНК  ",1500000,40366.57317,0,-78334.41771,33093.389299999995,25310.606920000002,1520436.15168,5730146.77143
34,17,"СВЕДБАНК  ",5440927.6620000005,0,0,-4845226.42695,235.77443,47549.33837,643486.34785,5591930.28864
35,18,"УНIКРЕДИТ БАНК",653507.67,2018.1802200000002,0,124186.65621,155693.8805,568.40778,935974.7947099999,5314845.46769
36,19,ПРАВЕКС-БАНК,941920,787637.7026500001,0,-615112.93276,1332.10769,241285.99420000002,1357062.87178,5252641.63578
,,,,,,,,,,
,,,,,,,,,,
,,"Група III ",,,,,,,,
37,1,"ПІВДЕНКОМБАНК ",300000,0,0,6162.09905,64144.99954999999,4534.94716,374842.04576,5293563.81136
38,2,"БАНК 3/4",267000,0,0,81163.90328999999,83799.19787999999,2255.18975,434218.29092,5281305.4573099995
39,3,"БАНК ТАВРИКА",350000,0,0,625.517489999993,72129.73823999999,129.87019999999998,422885.12593000004,4914402.72362
40,4,"АКТАБАНК ",400000,12.19,0,8524.277919999999,7986.08605,1.5584,416524.11237,4855801.88665
41,5,"МАРФІН БАНК ",435000.05,80211.7403,0,908.774200000039,80232.07368,26733.57635,623086.21453,4844254.10953
42,6,УКРІНБАНК,305000,11.77563,0,-10948.48315,29754.086730000003,259309.40872000004,583126.78793,4691616.6408
43,7,МЕГАБАНК,500000,138.44,0,6632.7627600000005,103316.59949000001,50522.50653,660610.30878,4562728.9584099995
44,8,"КІБ КРЕДІ АГРІКОЛЬ",172928.76,0,0,231277.53689,215837.98109,33649.05765,653693.33563,4472917.67617
45,9,"УКРБІЗНЕСБАНК ",234160,11436.42887,0,19655.997760000002,56297.98964,48597.58842,370148.00469,4382835.15059
46,10,ЗЛАТОБАНК,352500,0,0,3860.00853,2996.00481,0,359356.01334,4287371.414799999
47,11,КРЕДOБАНК,1918969.46916,38.053169999999994,0,-1550793.94867,40175.66687,201351.6421,609740.88263,4086882.93475
48,12,"""КЛІРИНГОВИЙ ДІМ""",439692.5,0,0,23540.09304,45350.295809999996,50053.05463,558635.94348,3530726.65435
49,13,IНДУСТРІАЛБАНК,607798.0545000001,8021.5040500000005,0,51911.41543,137686.22393,-108332.66596999999,697084.53194,3521899.7456799997
50,14,"ТЕРРА БАНК",557141,0,0,1631.62779,7133.64973,2621.73156,568528.00908,3446024.19602
51,15,"ПЛАТИНУМ БАНК",380567.201,0,0,-2127.64644,1132.5122700000002,0,379572.06682999997,3421965.81417
52,16,"""СОЮЗ""",336000,0,0,2004.6337600000502,4320.12526,-2719.92454,339604.83448,3370602.55779
53,17,"ЄВРОГАЗБАНК ",230000,0,0,1320.89277999998,7121.53243,0,238442.42521000002,3289511.5831899997
54,18,"УКРАЇНСЬКИЙ ПРОФЕСІЙНИЙ БАНК",500000,9539.7816,0,41178.272880000004,41632.48629,107.21521,592457.75598,3216379.0124299997
55,19,"ПІРЕУС БАНК МКБ",1627792.22,0,0,-1131273.77069,41244.84597,26158.885049999997,563922.18033,3151275.49926
56,20,"АКТИВ - БАНК",312750,0,0,634.399850000023,82947.17797,166781.26321,563112.84103,2868244.60202
57,21,ДІАМАНТБАНК,210000,0,0,3506.67159,61739.42446,0,275246.09605,2864054.06684
58,22,"БМ БАНК",419907.85,0,159760,-309778.47808000003,5383.40697,5.52721,275278.3061,2668541.07559
,,,,,,,,,,
,,,,,,,,,,
,,"Група IV ",,,,,,,,
59,1,"ДІВІ БАНК",365000,0,225000,2935.60633,35.30722,0,592970.9135499999,3462960.07771
60,2,"ВСЕУКРАЇНСЬКИЙ БАНК РОЗВИТКУ",310000,0,0,35516.7537,2726.5655,0,348243.31919999997,3362818.3491599998
61,3,АВАНТ-БАНК,320000,0,0,801.745899999986,1062.03306,4961.59984,326825.3788,3290887.93076
62,4,"МІСЬКИЙ КОМЕРЦІЙНИЙ БАНК ",195890,0,0,3086.0789,3949.98779,5379.0085899999995,208305.07528000002,3105892.82443
63,5,"БАНК КІПРУ",700643.6,40.6982,0,-52331.00913,50703.04386,12865.495620000002,711921.82855,2742215.30667
64,6,"""КИЇВ""",3567544,846.7425,0,-3463566.30877,366441.49019000004,330876.72666,802142.65058,2644072.1752899997
65,7,"БАНК HАЦІОНАЛЬНІ ІНВЕСТИЦІЇ",124500,0,0,8081.168140000001,45154.30132,-12741.71168,164993.75778,2471205.1232499997
66,8,ЕКСПРЕС-БАНК,248767.75699999998,0,0,67438.02251,80709.12061999999,40442.52842,437357.42855,2448339.39911
67,9,ЕКСПОБАНК,304230.81200000003,0,100000.4,-176495.08564,9185.49477,93453.67867000001,330375.2998,2445535.3661200004
68,10,ФІДОБАНК,675688.819,1.86726,0,-419310.87556,293.54677000000004,267517.13408,524190.49155000004,2441463.9656200004
69,11,"ПРОКРЕДИТ БАНК",298333.22448000003,777.8033600000001,0,-57997.97767,0,34809.95117,275923.00133999996,2369040.79269
70,12,ТАСКОМБАНК,165000,0,0,40681.20401,1824.20855,25737.27461,233242.68717000002,2254627.48435
71,13,"IНТЕГРАЛ - БАНК",160000,14.15,0,3089.72260000002,27307.863179999997,0,190411.73578,2215632.2457500002
72,14,ФОЛЬКСБАНК,420000,42863.64134,0,-125318.82021,28757.45528,86814.69095,453116.96736,2213098.13967
73,15,"БАНК ПЕРШИЙ",265000,0,0,2354.66088,13181.099460000001,15165.961899999998,295701.72224,2200697.88393
74,16,ФІНБАНК,135050,43.583999999999996,0,552.08772,13770.22573,33505.659799999994,182921.55725,2198634.54474
75,17,"""ГЛОБУС""",160000,0,0,50306.39,4605.52685,0,214911.91685,2164986.39765
76,18,"ДОЙЧЕ БАНК ДБУ",228666.10199999998,0,0,-34163.01354,0,-6872.973199999999,187630.11526,2109908.33809
77,19,ЕНЕРГОБАНК,259163.34,0,99912.585,-108194.67896,28208.79236,24887.78702,303977.82542,2091394.6295999999
78,20,"БАНК РУСКИЙ СТАНДАРТ",183000,0,0,-17287.10038,0,0,165712.89962,2068516.34371
79,21,ФОРТУНА-БАНК,215000,0,0,2905.10800999999,39665.09435,158742.99955,416313.20191,2047308.05607
80,22,"БАНК ІНВЕСТИЦІЙ ТА ЗАОЩАДЖЕНЬ",250000,0,0,2676.35676,34258.07494,0,286934.4317,1987897.7593
81,23,"БАНК КАМБІО",111467.42152,0,0,482.58340999999,663.04553,34181.80618,146794.85664,1979865.67734
82,24,"ІДЕЯ БАНК",160000,17420,0,998.419710000007,23435.985819999998,34572.66476,236427.07029,1893737.4483599998
83,25,"""КАПІТАЛ""",194078.895,1048.95,0,-10327.20711,6664.10404,363.33909,191828.08102,1818734.35061
84,26,"АСТРА БАНК",1050000,0,0,63792.04759,2883.72743,-16557.0175,1100118.75752,1808268.81613
85,27,"БАНК ДЕМАРК",176000,393.43215,0,425.887469999992,32137.87364,5871.4682,214828.66146,1762790.86543
86,28,"""АРКАДА""",220445.042,13.40704,0,49894.588650000005,43904.34255,-282.25816999999995,313975.12207,1707308.4738299998
87,29,"БАНК МЕРКУРІЙ",141500,0,0,5124.52775,12206.87853,60540.29505,219371.70133,1699475.93944
88,30,АКЦЕНТ-БАНК,125560,40.51219,0,26817.759169999998,29097.59823,3075.39987,184591.26946,1686195.22852
89,31,"МІСТО БАНК",299980,1056.3,0,-72977.10494,18355.59982,63466.193,309880.98788000003,1513391.13381
90,32,"""ДАНІЕЛЬ""",120412,0,0,458.589230000001,43469.43876999999,0,164340.028,1500679.4050099999
91,33,"БАНК ВОСТОК",307350,0,0,48501.974420000006,2359.6612,0,358211.63561999996,1465119.31172
92,34,"""ТК КРЕДИТ""",151828.75,5.4308000000000005,0,713.254699999993,16215.08677,1404.44961,170166.97188,1449654.60626
93,35,"БАНК НАЦІОНАЛЬНИЙ КРЕДИТ",113960.75,54132.069,0,-117898.66593,38602.301490000005,0,88796.45456,1327356.297
94,36,ЄВРОБАНК,126670,0,0,1120.4026600000002,74.79634,-6216.62612,121648.57288,1318988.38625
95,37,"БАНК ЗОЛОТІ ВОРОТА",169651.3,0,0,-38584.77473,2402.16823,14086.989810000001,147555.68331,1313831.96679
96,38,УКРГАЗПРОМБАНК,82800,5.056,0,6612.0023,60578.488020000004,8978.03386,158973.58018,1307301.59437
97,39,"ЮНЕКС БАНК",292000,4160.86042,0,-2651.1264899999996,1289.99055,32703.856330000002,327503.58081,1297791.8812
98,40,"МІЖНАРОДНИЙ ІНВЕСТИЦІЙНИЙ БАНК",99825,0,0,2773.05479,605.28851,529.36,103732.7033,1274425.95581
99,41,"ПОЛТАВА - БАНК",70500,60.31201,0,18983.486370000002,69100.00267,76659.4966,235303.29765,1245897.32193
100,42,"ЕРДЕ БАНК",211941.11,0,0,22668.74525,2606.36726,0,237216.22251,1244649.17403
101,43,ФІНРОСТБАНК,120000,0,0,1407.0127,9607.15731,0,131014.17000999999,1204603.00691
102,44,"РЕАЛ БАНК",150000,80000,0,1882.42407000001,20308.4909,1199.70888,253390.62385,1184340.18753
103,45,"""УКРАЇНСЬКИЙ ФІНАНСОВИЙ СВІТ""",143000,0,0,9221.95435,62317.37896,0,214539.33331,1172397.89856
104,46,"КРЕДИТ ЄВРОПА БАНК ",505000,0,0,-266.979820000017,522.65,-5027.58353,500228.08665,1153138.98939
105,47,АВТОКРАЗБАНК,155000,1525.36079,0,-3854.61805,0,11631.74697,164302.48971,1054393.9265700001
106,48,"""ПРЕМIУМ""",260000,0,0,-5541.45295,7762.706910000001,0,262221.25396,1016384.75388
107,49,"БАНК УКРАЇНСЬКИЙ КАПІТАЛ",85320,0,0,1147.13045000001,7940,36258.49325,130665.6237,1003930.54356
108,50,"""ПОРТО-ФРАНКО""",105553.56,0,14500,1233.68192,7513.574570000001,145.2328,128946.04929,965992.5723600001
109,51,"ПЕРШИЙ ІНВЕСТИЦІЙНИЙ БАНК",230000,17924.436,0,2710.0253900000002,3422.05418,-886.95645,253169.55912,948941.69826
110,52,АПЕКС-БАНК,190000,0,0,4393.061989999999,805.8288,100.56723,195299.45802,923113.08762
111,53,ЗАХІДІНКОМБАНК,174318.97699999998,0,0,-95793.40194,138097.6719,17609.43967,234232.68662999998,888632.6614900001
112,54,"СЕБ КОРПОРАТИВНИЙ БАНК",120000,0,130000,11937.55699,42.47,0,261980.02699,885411.41488
113,55,"""ЛЬВІВ""",227905.338,230.31264000000002,9986.56,-149427.90261,9936.31654,38136.6035,136767.22806999998,880107.34519
114,56,КОМІНВЕСТБАНК,115000,0,0,336.792669999994,9599.51698,3667.63281,128603.94246000002,825162.20004
115,57,"БАНК ПЕТРОКОММЕРЦ-УКРАЇНА",319474.505,124.44962,0,-220056.78635,40389.202320000004,2188.8969399999996,142120.26753,822221.3822799999
116,58,"""НОВИЙ""",150000,0,0,-54332.325079999995,2149.54318,2318.9113899999998,100136.12949,815324.16869
117,59,МЕТАБАНК,35967.15377999999,1611.7942999999998,0,6372.97391,70150.29336000001,7239.17994,121341.39529,812090.6764100001
118,60,"ЄКАТЕРИНОСЛАВСЬКИЙ КОМЕРЦІЙНИЙ БАНК",247526.31,7000,0,166.79290999999998,24670.50245,1327.1655799999999,280690.77094,788270.95108
119,61,"БАНК МОРСЬКИЙ",145962,12510.4031,0,-24055.85032,316.8184,16255.955629999999,150989.32681,733630.84297
120,62,"БАНК РИНКОВІ ТЕХНОЛОГІЇ",300000,0,0,554.60033,639.9074,0,301194.50773,677158.7531699999
121,63,УНIКОМБАНК,460564.375,0,0,26431.506299999997,3920.74329,0,490916.62459,676728.38769
122,64,"ДІАПАЗОН-МАКСИМУМ БАНК",110000,0,0,413.755890000001,4544.92257,0,114958.67846,669075.13721
123,65,"БАНК РЕНЕСАНС КАПІТАЛ",201400,0,0,44759.445470000006,4548.05005,0,250707.49552,656046.9994699999
124,66,"ЧОРНОМОРСЬКИЙ БАНК РОЗВИТКУ ТА РЕКОНСТР.",60407,0,0,311.891250000002,8523.30568,24295.39522,93537.59215,634515.82173
125,67,"БАНК ГРАНТ",120000,0,0,571.35439,17603.93205,35664.91225,173840.19869,623589.6289700001
126,68,"СТАРОКИЇВСЬКИЙ БАНК",51355.90047,0,0,2112.17245,9697.38815,37255.04894,100420.51001,608613.0688
127,69,"РАДИКАЛ БАНК",120000,0,0,1560.3575700000001,72.64268,-1990.9284499999999,119642.07179999999,605591.16479
128,70,КЛАСИКБАНК,220000,0,0,19552.05991,4268.35477,4538.54706,248358.96174,579940.27325
129,71,АГРОКОМБАНК,93112,0.5,0,3004.6206199999997,11578.16626,16743.324699999997,124438.61158,576217.70167
130,72,"""АКСІОМА""",266000,0,0,1664.35999000001,7137.49403,0,274801.85402,574117.87918
131,73,"БАНК КОНТРАКТ",86000,0,0,286.15989000000803,10672.255679999998,23768.01567,120726.43123999999,567032.87023
132,74,ПРОМЕКОНОМБАНК,92300,0.0005,0,-12207.96853,33.2515,996.79463,81122.0781,559841.5979
133,75,УКРКОМУНБАНК,105800,0,0,7.50033,7926.38176,35584.60202,149318.48411000002,539531.20316
134,76,"БАНК БОГУСЛАВ",180000,0,0,5681.45534,4640.7002,-964.53372,189357.62182,524503.6385
135,77,ЄВРОПРОМБАНК,120000,0,0,1427.2737900000002,4569.79575,0,125997.06954,520248.07840999996
136,78,АКОРДБАНК,86761,0,0,1836.73914,1211.57937,451.534,90260.85251000001,504297.29050999996
137,79,"АСВІО БАНК",104000,27.228450000000002,0,1020.2974700000001,20070.40722,0,125117.93314000001,481207.36003000004
138,80,IНВЕСТБАНК,74129.6,0,0,4513.656489999999,13353.14271,7731.32443,99727.72363,464719.16757000005
139,81,ПРАЙМ-БАНК,61100,3920,0,2027.47474,13216.74819,10835.527,91099.74993,441875.93127999996
140,82,IНТЕРБАНК,36050,0,0,154.038900000003,32927.038250000005,-32646.949409999997,36484.127739999996,439237.95505
141,83,ЛЕГБАНК,111500,0,0,843.47437,26006.14779,3522.20781,141871.82997,427342.96481000003
142,84,"БАНК ТРАСТ",69000,0,0,-292.19032,315.12935,12476.92252,81499.86155,422186.0404
143,85,"КРЕДИТВЕСТ БАНК",88045.2,2902.36496,0,9209.08797,5386.714849999999,0,105543.36778,402391.86829
144,86,ПОЛІКОМБАНК,49500.12,0,0,1279.92581,18817.472899999997,37119.750439999996,106717.26915000001,394314.95737
145,87,РЕГІОН-БАНК,56481.279,11.70712,0,9735.85824000003,11503.16621,7102.061110000001,84834.07168,390633.86250999995
146,88,"""ТРАСТ-КАПІТАЛ""",53250,0,0,7315.15337,22943.16812,6216.07762,89724.39911,368088.45105000003
147,89,"""СТАНДАРТ""",125000,0,0,2396.64837,91.44033999999999,147.71584,127635.80455,367743.05089
148,90,"БАНК СІЧ",120000,0,0,904.39324,3.05969,575.35,121482.80293,351469.24006
149,91,"МЕЛІОР БАНК",120000,0,70000,89.4411200000036,0,0,190089.44112,349302.17195
150,92,"КРЕДИТ ОПТИМА БАНК",63000,0,0,392.79714,5219.85217,0,68612.64931,344609.11284
151,93,АРТЕМ-БАНК,86000,0,0,1919.9701,6740.14968,63.5,94723.61978000001,342434.41664
152,94,"""СТОЛИЧНИЙ""",121335,91.2874,0,348.754150000005,3009.3656800000003,4.7163200000000005,124789.12355,321386.32733999996
153,95,"""КОНКОРД""",108000,0,0,792.562720000006,5722.89037,0,114515.45309,302655.89116
154,96,"""УКООПСПІЛКА""",42626.32447,0.37087,0,-5813.27995,8184.694549999999,57239.00835,102237.11829,300471.68607999996
155,97,"ОКСІ БАНК",113575,0,0,4396.12978,5258.17505,0,123229.30483000001,288997.98831
156,98,ІНТЕРКРЕДИТБАНК,130000,0,0,206.40107,4.59699,0,130210.99806000001,284838.82846
157,99,ФІНЕКСБАНК,122474,0,0,-5625.56919,62.190259999999995,0,116910.62107000001,280056.83497
158,100,"БАНК СОФІЙСЬКИЙ",120000,0,0,67.39842,0,0,120067.39842,273501.89344
159,101,"ПРОМИСЛОВО-ФІНАНСОВИЙ БАНК",106000,609,0,6346.263559999999,13882.82989,1344.04379,128182.13724,252795.85648
160,102,МОТОР-БАНК,120000,0,0,1798.1639499999999,1789.4956900000002,0,123587.65964,242642.51016
161,103,"КОМЕРЦІЙНИЙ ІНДУСТРІАЛЬНИЙ БАНК",101276.68400000001,0,3503.782,7707.56846,3266.74828,5834.47548,121589.25822,236457.9068
162,104,"""ЗЕМЕЛЬНИЙ КАПІТАЛ""",95220.5,0,0,62.2903599999987,5113.92453,7463.68092,107860.39581,233655.18808
163,105,"ЄВРОПЕЙСЬКИЙ БАНК РАЦІОН.ФІНАНС.",153000,0,0,11527.21039,6933.9633,13394.3598,184855.53349,228270.71803999998
164,106,"ПРОФІН БАНК",157717,5535.06579,0,-48342.56996,13361.35833,6744.51361,135015.36777,224017.36185
165,107,РАДАБАНК,120000,0,0,1339.1019900000001,17424.62855,1075.54468,139839.27521999998,201111.92771
166,108,"ГРІН БАНК",76650,6.88495,0,371.843209999994,11901.00139,0,88929.72955,199722.07299
167,109,"БАНК НАРОДНИЙ КАПІТАЛ",80055.59,0,0,365.436509999999,3190.82512,0,83611.85163,194173.70867
168,110,"""ЦЕНТР""",120000,0,0,1776.32922,522.02727,0,122298.35649,182995.98314
169,111,УКРБУДІНВЕСТБАНК,120004.636,0,0,578.5561799999999,1590.55518,-841.22745,121332.51991,174618.16439
170,112,"БАНК ФАМІЛЬНИЙ",66600.05496,0,0,18.4264600000006,3517.7080100000003,14299.49397,84435.68340000001,165389.82927999998
171,113,"БАНК ВЕЛЕС",105000,5247,0,230.98617,8256.923990000001,3536.04523,122270.95539,164427.32903999998
172,114,"СХІДНО-ПРОМИСЛ. КОМЕРЦ. БАНК",62544,0,0,5523.98129,4860.5463,0,72928.52759,162514.92384
173,115,ТММ-БАНК,66000,5764.93,0,-5380.740580000001,20794.95387,-77.81259999999999,87101.33069,144357.34812
174,116,"УКРАЇНСЬКИЙ БАНК РЕКОНСТР.ТА РОЗВ.",117999.5,0,0,-39898.89263,3980.71961,0,82081.32698,142687.30241
175,117,"БАНК АЛЬЯНС",64778.9,0,0,4.54669000000063,7403.10523,0,72186.55192,84841.2048
